0.1
2.68149
1.4541
1.4541
-1.88109
0.725413
0.725413
-1.14793
-0.442799
-1.01669
-1.51144
0.614393
-1.37109
-1.37109
0.428459
0.428459
-0.0737061
-1.31016
0.663966
-1.36322
-1.36322
1.56029
-1.51396
-0.934588
1.63771
1.63771
1.63771
1.63771
2.8971
2.8971
0.707681
0.707681
0.707681
-0.695743
-0.695743
1.38423
1.38423
1.38423
0.163553
0.163553
0.163553
0.16315
1.45171
-1.65627
-1.65627
-1.65627
-1.65627
-1.43347
-1.43347
0.252117
0.252117
0.408929
0.408929
-0.0932043
-0.0932043
-0.0932043
0.0530291
0.0530291
0.0530291
0.0530291
0.0530291
0.0530291
0.0530291
-1.71508
-0.675956
0.294658
0.294658
0.294658
-0.881572
0.665043
-0.175604
-0.175604
-0.175604
-0.317999
-0.317999
1.43718
1.43718
-1.00928
-1.00928
-1.00928
2.8668
-0.887576
0.478382
-0.892904
-0.892904
-0.892904
-0.892904
-0.892904
-0.892904
-0.892904
-2.376
-2.376
-2.376
0.481455
0.481455
0.405936
0.405936
0.405936
0.405936
0.405936
0.302691
-0.0788785
0.363176
0.363176
0.363176
1.23136
1.55675
1.64036
0.0109297
0.0109297
-0.0997793
-0.0997793
-0.0997793
-0.0997793
-0.0997793
-1.68877
-1.68877
-1.68877
-1.46757
1.19912
-1.50439
-1.50439
-1.50439
-0.551608
-1.12148
-1.12148
-1.12148
0.847951
1.46413
-0.866316
-0.866316
-0.866316
0.827519
0.331705
1.46253
1.32134
1.32134
0.332124
-0.894867
-0.894867
-0.894867
-0.894867
-0.894867
-0.894867
-0.894867
-0.894867
-0.894867
-0.894867
0.655792
0.212796
0.212796
0.212796
-2.30651
0.0820894
0.0820894
0.0820894
1.5589
0.848153
0.848153
-0.0417315
-1.695
-0.780531
-0.780531
-0.780531
-0.780531
-0.780531
-0.780531
-0.780531
-0.780531
-0.780531
0.555602
0.555602
0.555602
0.555602
-1.66903
0.73415
0.73415
0.73415
1.84848
-0.941659
-0.941659
-0.941659
-0.941659
-0.941659
-0.941659
0.832798
0.832798
-0.393951
0.555733
0.555733
1.26999
1.26999
1.58578
1.58578
2.0615
0.516907
0.516907
0.516907
0.516907
0.516907
0.516907
0.516907
0.516907
0.516907
-0.679077
-0.679077
0.259024
1.34907
-0.933587
-0.933587
-0.933587
1.38324
0.922413
-1.32593
-1.32593
-1.32593
-0.304614
0.51786
0.51786
0.51786
1.27902
1.27902
1.27902
1.27902
-0.580146
-0.580146
-0.580146
-0.580146
-0.580146
1.19973
1.71017
1.36135
1.36135
-0.623012
-0.623012
-0.623012
-0.623012
-0.623012
-0.623012
-0.623012
-1.61937
-2.15354
1.70915
1.87555
1.87555
1.87555
1.87555
-0.477518
-0.477518
-0.477518
-0.477518
-2.00657
0.59533
0.59533
0.59533
0.59533
0.59533
0.59533
-0.154822
1.20134
1.20134
-0.745221
0.71447
0.173015
0.669471
0.966949
-0.206808
-0.518603
-0.518603
-0.518603
-0.518603
-0.518603
-0.464122
-1.76644
0.386855
-1.86715
-1.86715
-1.86715
-1.86715
-0.628143
-0.628143
-0.628143
0.969697
1.34978
1.34978
1.34978
1.34978
1.34978
1.18558
-0.748989
0.127206
0.127206
0.127206
-1.41921
-1.41921
-2.19306
-2.19306
-2.19306
-2.19306
-2.19306
0.712645
-0.628781
0.373689
-1.63783
-0.276791
-0.276791
-1.04455
-1.04455
-1.04455
-1.04455
-1.04455
1.57302
-0.529864
-0.348624
-0.348624
0.802958
-0.354013
-0.354013
-0.354013
-0.354013
0.384682
0.384682
0.384682
0.419965
0.419965
0.419965
0.419965
0.419965
1.42513
1.15923
1.15923
0.0454847
-0.286594
-0.286594
-0.286594
-0.286594
-0.286594
-0.286594
-1.52369
-1.52369
-0.094548
-0.094548
-0.094548
-0.094548
0.685708
1.07995
-0.995489
-1.6078
-1.16448
1.21897
1.21897
1.21897
0.515355
0.515355
0.515355
0.515355
-0.0854185
0.812787
0.812787
0.812787
-0.129014
-0.129014
0.982775
-0.0756911
-0.0756911
-0.738384
-0.738384
-0.738384
-0.738384
-0.738384
3.0821
3.0821
0.747741
0.0649525
0.0649525
0.0649525
0.0649525
0.0649525
0.0649525
0.0649525
0.0649525
1.06551
1.06551
2.32027
1.36221
1.36221
0.817941
0.817941
0.817941
0.817941
0.817941
0.817941
0.817941
0.817941
0.817941
0.408136
1.31578
0.134936
0.134936
0.134936
0.134936
0.134936
-0.339738
0.97611
-0.858702
-0.858702
-1.37562
-1.37562
1.34064
-0.299049
-0.299049
1.736
1.736
-1.53045
-0.665561
-0.665561
0.250958
-0.203109
0.545117
0.545117
-0.437581
-0.437581
-0.359542
-0.359542
-0.359542
-0.359542
-0.218503
-0.218503
-0.0264829
0.251925
-0.0870428
-0.0870428
-0.0870428
-0.0870428
-0.0870428
0.0947177
0.0947177
0.0947177
-0.301656
-0.301656
-0.301656
-0.351959
-0.351959
-0.351959
-0.351959
-0.351959
-0.351959
-0.351959
-0.351959
-0.351959
-0.351959
-0.351959
-0.351959
1.16929
1.16929
-2.3966
-2.3966
-2.3966
-2.3966
-1.48387
-1.48387
-1.95369
-1.95369
1.94202
1.94202
-1.25029
-1.25029
-1.25029
0.249623
0.249623
-0.527951
-0.527951
-0.527951
-0.527951
-0.705951
-0.705951
-0.705951
-0.705951
-0.705951
-0.705951
-0.234764
-0.234764
-0.77223
-2.07674
-0.892972
-0.892972
-0.892972
-0.892972
0.835184
1.32698
1.03973
1.03973
0.0682284
0.0682284
0.314431
0.314431
0.314431
0.314431
-0.907216
-0.907216
-0.907216
-0.907216
-0.907216
-0.15106
-0.15106
-0.15106
-0.15106
-0.15106
-1.8594
-0.359916
-0.359916
-0.359916
-0.359916
-0.359916
-0.359916
-0.359916
-0.359916
1.19962
-0.594471
-0.594471
-0.594471
-0.594471
-0.594471
-0.594471
-0.594471
-0.594471
-0.272894
-0.572821
-0.572821
-1.08419
-1.08419
-1.08419
-1.08419
-0.793379
-0.793379
0.0191663
0.0191663
0.0191663
0.309671
0.309671
0.309671
0.309671
0.309671
0.309671
0.309671
0.309671
0.309671
0.309671
0.309671
0.309671
-0.289829
-0.289829
2.75038
2.75038
0.862186
-0.767781
-0.767781
-0.892283
-0.892283
-0.892283
-0.892283
-0.892283
-0.892283
-0.272843
-0.272843
-0.272843
-0.906247
-0.906247
0.890761
-1.12839
-1.12839
-1.12839
1.20201
1.20201
1.20201
-1.37987
0.0140288
0.0140288
1.01281
1.01281
1.01281
1.01281
1.01281
-2.51555
-2.51555
-2.51555
-1.55791
-1.48247
-1.48247
-1.48247
-1.48247
-1.48247
-0.171503
-0.171503
-0.171503
-0.171503
-0.171503
-0.171503
-0.171503
-0.171503
-0.171503
-0.171503
-0.171503
-0.171503
0.849609
0.849609
-0.196881
-0.196881
-0.196881
-0.196881
-0.914607
-0.914607
-1.75184
-0.38004
-0.38004
-0.38004
-0.156724
-0.156724
-0.156724
-0.156724
-0.156724
0.833431
0.801979
-0.967386
-1.17674
-1.17674
-1.17526
0.359028
0.359028
-1.48618
-1.48618
-1.48618
-1.55188
-1.90041
-1.66794
-1.66794
-1.66794
-1.66794
-1.66794
1.34805
1.56247
1.56247
1.56247
1.0482
-0.309612
-1.38908
-1.38908
-0.598862
1.0122
1.0122
-0.407465
-0.334158
-0.618076
-0.618076
1.55879
-1.76119
-1.76119
-1.76119
-1.78597
-1.78597
-1.78597
0.635676
-1.98499
-1.98499
-1.98499
-1.98499
-0.984002
-0.984002
-0.984002
-0.984002
-0.984002
-0.984002
-0.407225
2.02179
2.0732
-0.761019
-0.761019
-0.761019
0.951002
-1.37482
1.39765
1.01906
-1.34536
-1.34536
-1.34536
2.64296
2.64296
2.64296
1.64448
1.11571
1.49545
1.49545
0.847975
0.847975
0.847975
0.847975
0.847975
0.847975
-0.286969
-0.286969
-0.286969
-0.286969
-0.398705
-0.398705
-0.398705
-0.398705
-0.398705
-0.398705
-0.398705
-0.398705
-0.398705
1.54835
1.54835
1.54835
1.54835
0.195843
0.195843
0.195843
-1.10958
-1.10958
-1.10958
-0.0631358
-0.0631358
-0.0631358
-1.75101
-1.75101
-1.23886
2.46685
2.46685
-0.72077
-0.72077
-0.72077
-0.72077
-0.72077
-0.72077
-0.72077
-0.72077
-0.72077
-0.72077
-0.16267
-0.16267
-0.16267
-0.16267
-0.16267
-0.16267
-0.16267
-0.16267
-0.16267
-0.16267
-0.16267
-0.16267
-0.16267
-0.16267
-0.16267
-0.16267
-0.16267
-0.16267
-0.16267
-0.546105
-0.546105
2.03229
1.99471
0.672234
-1.26747
-1.1344
-1.02677
0.808388
0.808388
0.808388
0.808388
0.808388
0.808388
0.95298
-0.0455861
-0.0455861
0.577627
0.577627
0.577627
0.577627
1.44865
1.44865
-2.17422
-2.17422
0.723044
0.723044
0.833808
-0.973506
-0.898509
-0.509248
-0.509248
0.701472
0.701472
0.701472
0.701472
-1.70964
-0.883511
-0.503954
-0.496807
-0.496807
0.636696
1.66253
1.66253
1.66253
-0.650986
-0.650986
0.616961
1.27544
1.27544
1.27544
-1.51103
1.08296
1.08296
1.08296
1.08296
-0.703353
-1.53825
0.351958
0.351958
0.351958
0.351958
0.351958
0.351958
0.351958
0.351958
0.351958
0.351958
0.0301089
0.0301089
0.339845
1.37855
0.253972
0.253972
0.253972
0.253972
0.253972
0.253972
-0.305194
-0.305194
-0.732798
-0.732798
-0.732798
-0.775222
0.542419
0.542419
0.542419
0.0396623
0.0396623
0.0396623
0.0396623
0.0396623
0.0396623
0.0349178
0.405394
0.405394
0.405394
0.405394
0.0242124
0.0242124
0.0242124
0.0242124
0.0242124
0.0242124
0.0242124
1.27185
1.27185
-0.163168
-0.163168
-0.163168
-0.163168
-0.163168
-0.133407
-0.133407
-0.133407
-0.133407
-0.133407
0.550223
0.550223
0.550223
0.907549
0.907549
0.907549
-0.0415332
-0.226349
-0.226349
-0.226349
0.234902
0.234902
0.234902
0.234902
0.234902
0.234902
0.234902
0.234902
0.234902
0.234902
0.234902
0.234902
0.234902
0.234902
0.410357
-0.0572555
0.14186
0.14186
0.14186
0.14186
0.14186
-0.0871356
-0.0871356
-0.0871356
-0.0871356
-0.0871356
-1.65178
-0.30289
-0.720196
-0.720196
-0.720196
-0.720196
0.760773
0.760773
0.760773
0.760773
1.14618
-0.817416
-2.21228
-1.31488
1.8852
1.8852
1.8852
-1.9801
-0.863725
-0.863725
-0.122757
-0.837651
-0.837651
-0.820911
-0.820911
-0.820911
-0.820911
-0.820911
-0.428817
-0.743647
-0.743647
-0.301763
0.133074
-1.27857
-1.27857
-1.27857
-1.27857
-1.27857
-1.27857
1.3873
1.3873
1.14055
1.05007
1.05007
1.05007
-0.42403
0.0338607
0.0338607
-0.421772
-0.421772
-0.421772
-0.421772
-0.421772
-0.421772
-0.421772
-0.984454
0.109211
0.109211
-1.30434
-1.30434
-1.30434
-1.30434
-1.30434
-1.30434
-1.30434
-1.30434
0.857703
0.857703
0.857703
0.857703
0.299595
-2.10776
-2.10776
-2.10776
-2.26114
-0.667346
-0.667346
0.938848
0.938848
0.938848
0.938848
0.938848
0.938848
1.59047
0.495908
0.495908
0.495908
0.495908
-1.16615
