0.1
-1.46454
-1.46454
-1.46454
-1.46454
1.02763
-0.114212
-0.114212
-0.114212
-0.114212
-0.114212
-0.114212
-0.114212
-0.114212
-0.114212
-0.114212
-0.114212
-0.114212
-0.114212
-0.953645
-0.0152631
-0.0152631
-0.0152631
-0.0152631
-0.0152631
0.110428
0.110428
1.03839
1.03839
0.824628
0.824628
0.824628
0.824628
0.824628
-1.37727
1.33204
1.899
0.21532
0.21532
0.21532
0.21532
0.21532
0.21532
1.69015
1.69015
1.69015
0.618627
-0.460296
-0.460296
-0.460296
-0.460296
-0.460296
0.887943
0.887943
0.887943
0.887943
0.887943
0.887943
0.887943
0.887943
0.887943
0.887943
-0.498455
-0.498455
-0.368561
-0.368561
-0.368561
-0.0412985
-0.0412985
-0.0412985
-0.0412985
-0.0412985
-0.0412985
-0.0412985
-0.0412985
-1.01656
-0.144715
0.470761
0.470761
0.470761
0.791259
0.791259
0.791259
0.791259
0.791259
0.791259
0.791259
0.791259
-0.939854
-0.939854
-0.939854
-0.939854
-0.680246
-0.680246
-0.680246
0.965804
-1.02622
-1.52745
-1.52745
-1.52745
-1.3934
-1.3934
1.0038
0.830588
0.830588
0.830588
-0.35082
-0.35082
-1.3408
-1.13878
-1.17904
-1.17904
-1.17904
-1.17904
-1.17904
-1.17904
0.501348
0.501348
0.501348
0.501348
0.433456
0.433456
0.433456
0.947332
0.947332
0.947332
0.947332
0.947332
-0.952881
-0.952881
-0.952881
-1.23408
-1.27331
-1.27331
-1.27331
-1.27331
0.467237
0.201893
0.201893
0.201893
0.201893
0.58163
0.58163
0.58163
0.58163
0.58163
-0.624367
-0.624367
-0.624367
-0.624367
-0.624367
-0.132164
-0.132164
-0.132164
-0.207213
-0.544275
1.25786
-0.88586
2.20507
2.20507
2.20507
2.20507
2.20507
2.20507
-1.5471
-1.5471
1.30042
1.0009
-1.47673
0.771915
0.504931
0.504931
0.504931
0.504931
0.504931
0.504931
0.504931
-0.701116
-0.701116
-0.249679
0.0350772
0.0350772
0.0350772
0.0350772
0.0350772
0.0350772
0.0350772
0.0350772
0.502083
0.502083
0.502083
0.502083
0.502083
0.502083
0.502083
0.502083
0.281101
0.281101
-0.0158515
-0.0158515
0.242828
-0.759184
-0.759184
-0.759184
-0.759184
-1.50138
-1.50138
-1.67534
-1.67534
-1.67534
1.57565
-1.24928
-1.24928
-1.24928
-1.24928
-1.24928
-0.935686
-0.935686
-2.12303
-0.360255
-0.903834
-1.21077
-1.21077
-1.21077
-1.21077
-1.21077
-1.21077
-1.21077
-1.21077
0.233024
0.121116
0.121116
0.121116
0.121116
0.109674
0.109674
0.077613
0.077613
0.201383
0.355136
0.355136
-0.765381
0.634229
0.634229
-0.161832
-0.161832
-0.161832
-0.161832
-0.161832
1.15368
1.92673
2.03428
-1.66744
0.613902
-0.682768
-0.682768
0.0775093
0.400471
0.400471
0.400471
0.400471
1.13255
1.13255
1.13255
1.13255
1.13255
-0.178316
-0.178316
0.464093
0.464093
-0.740131
-0.740131
1.28282
0.358984
0.358984
0.358984
0.358984
0.897482
-1.17977
-1.17977
-1.17977
-0.680207
-0.680207
0.076666
0.076666
1.59515
-0.638671
-0.638671
-0.638671
-0.638671
-0.164027
-0.164027
-0.164027
-0.164027
-0.164027
-0.164027
-0.164027
-0.164027
0.791432
0.791432
-0.575685
-0.879141
-0.879141
-0.879141
1.20538
1.1853
-0.182012
-0.182012
-0.182012
-0.182012
-0.182012
-0.182012
0.525355
1.15404
-0.265449
-0.265449
-0.265449
1.53623
2.29947
2.29947
2.29947
2.29947
2.34079
-0.52883
-0.52883
-0.764436
1.00926
1.00926
1.00926
1.15314
1.15314
1.15314
-1.30203
1.00603
1.00603
-0.581481
-1.35286
0.248505
0.248505
0.248505
2.03726
1.99915
1.99915
1.99915
1.99915
1.99915
0.889181
0.889181
0.889181
0.889181
0.889181
2.08313
-1.11784
1.43357
1.58624
1.58624
0.695708
0.695708
-1.24161
-0.888536
0.210962
0.422946
-0.678635
-0.678635
-0.678635
-0.678635
-0.678635
0.348348
0.348348
-0.903638
-0.903638
-0.903638
-0.903638
-0.903638
-0.463824
0.28439
0.28439
0.28439
0.28439
0.28439
0.28439
0.28439
0.28439
0.28439
-1.52904
-1.55188
-1.55188
-1.55188
-1.55188
0.442043
0.442043
1.47485
0.813862
0.813862
0.813862
0.813862
-2.15416
0.810664
-0.458188
-0.458188
-0.912431
0.371626
0.371626
0.0195757
0.0195757
1.02212
1.02212
1.02212
-0.18721
-0.18721
-0.18721
-0.18721
-0.18721
1.51948
1.51948
-1.49648
-1.49648
-1.49648
-1.37966
-1.37966
-1.43795
-1.64215
0.400035
0.400035
0.400035
-2.00265
-2.00265
-2.19529
-2.19529
-2.19529
-2.19529
-2.19529
-2.19529
-0.821255
-0.339031
-0.339031
-0.339031
-0.339031
-0.339031
-0.904467
-0.904467
-0.904467
-0.926931
-1.75532
-1.75532
-1.75532
-1.75532
0.873971
-0.360918
-0.360918
-0.360918
-0.360918
-0.360918
-0.360918
1.44011
1.30702
1.30702
1.30702
1.30702
1.30702
-0.853163
-1.1962
-1.1962
-1.1962
0.743429
0.743429
0.743429
0.743429
0.743429
0.743429
0.743429
1.16337
1.16337
1.16337
1.16337
1.16337
1.16337
1.16337
1.16337
1.16337
1.16337
-1.7217
0.345336
0.345336
0.345336
0.345336
1.3899
-1.08164
-1.08164
0.257916
0.257916
0.257916
0.257916
0.257916
0.257916
0.257916
0.257916
0.257916
0.257916
0.257916
0.257916
0.257916
0.257916
0.257916
0.257916
0.257916
1.59039
0.581495
0.733155
0.959442
0.959442
0.959442
0.959442
0.959442
1.00278
1.00278
1.00278
1.00278
-1.07764
0.265738
0.265738
0.265738
-0.0132604
-0.0132604
0.265808
0.566444
0.566444
0.00419511
0.00419511
0.00419511
0.772981
0.772981
0.772981
0.772981
-1.72308
-2.58611
-1.21177
0.000461437
0.000461437
0.177658
0.177658
0.177658
1.02175
1.02175
-0.794463
0.219593
0.219593
0.219593
1.72175
1.50423
2.02364
2.02364
-1.53778
-1.53778
-1.53778
-1.53778
-1.53778
1.43825
1.54154
-0.702932
-0.702932
-0.702932
-0.702932
-1.26651
-1.26651
-0.941446
-0.941446
-0.941446
-0.941446
0.361322
0.361322
1.12956
-1.14048
1.58261
0.656313
0.656313
0.656313
0.656313
0.656313
-1.32818
-1.83007
-1.83007
-1.83007
-1.83007
-1.83007
-1.83007
-1.16877
-0.446322
-0.446322
-0.446322
-0.446322
-0.446322
-0.446322
-1.38063
1.8398
1.8398
0.591521
0.591521
1.37873
1.37873
1.37873
1.37873
1.37873
0.987383
0.987383
-0.483624
-0.483624
-0.483624
-0.483624
-0.483624
-0.483624
-0.483624
-0.483624
-0.483624
-0.514061
1.05009
3.1571
3.1571
0.542389
0.542389
-0.410162
-0.410162
0.600208
0.600208
-0.227381
-0.227381
-0.227381
-0.227381
-0.227381
-0.472808
-0.472808
-0.472808
-0.450464
-0.450464
0.630454
0.118593
0.118593
0.118593
-0.0596921
0.785152
0.785152
0.305015
0.305015
0.305015
0.305015
-0.196097
-0.452724
-0.452724
-0.0730598
-0.936366
-0.936366
-0.936366
-0.936366
-0.936366
-0.936366
-0.936366
-0.936366
-1.01453
-1.01453
-1.01453
-1.5824
-1.5824
-1.5824
-1.5824
-0.268625
-0.268625
0.260903
0.260903
0.260903
0.933611
1.35772
1.35772
1.35772
1.16515
1.16515
1.60985
2.03665
2.03665
1.72942
1.72942
1.72942
1.72942
1.72942
1.72942
1.72942
1.74872
1.74872
1.74872
1.74872
-0.0658738
-0.0658738
0.32359
0.32359
0.32359
-0.0178653
0.603286
0.603286
-2.1584
-0.049127
-0.049127
0.655299
1.18147
1.18147
1.18147
-0.014159
-0.140139
-0.549675
-0.549675
-0.549675
-0.549675
-0.549675
-0.549675
0.676258
-0.0867315
-0.790638
-0.94122
-0.94122
-0.94122
-0.94122
-0.366273
-0.366273
-0.366273
-0.366273
-0.366273
-1.37393
-1.37086
-1.37086
-0.466342
-1.13079
-1.13079
-1.13079
-1.13079
1.0144
1.0144
1.0144
1.0144
0.369967
0.369967
0.369967
0.369967
0.369967
0.369967
0.810342
0.532224
0.532224
0.532224
0.532224
0.532224
0.0866645
-0.37878
0.456578
0.456578
1.66543
1.66543
1.66543
1.66543
1.66543
1.66543
1.66543
1.66543
0.846731
0.846731
0.846731
-1.43625
-1.43625
-3.21547
-0.176409
-0.176409
0.52094
2.22175
0.990762
0.809866
-0.527806
2.42733
2.42733
2.42733
1.08551
1.08551
-0.993465
-0.993465
-0.993465
-0.0137111
-0.0137111
0.14481
-0.762626
0.606213
0.606213
0.606213
0.107913
1.00601
-0.684635
-0.684635
0.0756898
0.0756898
0.0756898
0.0756898
0.0756898
0.0756898
0.0756898
0.0756898
0.0756898
0.0756898
0.217208
0.272802
0.272802
0.272802
0.272802
-0.622364
-0.622364
1.09259
1.19003
-0.321486
-0.321486
-0.321486
-0.321486
-0.321486
-2.21046
-2.21046
0.909534
0.785399
0.785399
0.671531
0.671531
0.671531
-0.826925
1.77205
1.77205
1.77205
1.77205
1.46897
0.131394
0.131394
0.131394
0.131394
0.131394
0.620366
0.0366342
-0.666412
-0.666412
-0.666412
0.904229
0.63707
0.63707
0.63707
0.63707
0.63707
0.63707
0.760132
0.760132
0.760132
0.760132
2.17821
2.17821
2.80311
2.49977
2.49977
2.56403
-0.44662
1.82703
-2.00972
0.607098
0.607098
0.607098
0.607098
0.607098
0.607098
0.607098
-0.247185
-0.247185
-0.247185
-0.247185
-0.247185
-0.247185
-0.247185
-0.247185
-0.247185
-0.247185
-0.247185
0.494737
0.494737
0.494737
0.494737
-0.519556
-0.519556
-0.720391
-0.720391
-0.720391
-0.720391
2.23753
2.23753
2.23753
2.23753
0.530918
0.530918
0.624967
0.624967
-0.863117
-0.863117
-0.863117
-0.863117
0.530257
0.530257
-0.936519
-0.936519
-0.936519
-0.275787
-0.275787
-0.275787
0.0372066
0.0372066
0.0372066
1.23829
1.23829
1.23829
1.2995
-2.1128
-2.1128
-2.1128
0.968648
0.968648
-1.43267
-1.43267
-0.382269
-0.95969
-0.95969
-0.95969
-0.95969
-0.981023
1.34165
1.34165
-1.97531
-2.13685
0.288474
0.288474
1.58312
1.58312
1.61465
-1.02111
-1.02111
-1.02111
-1.78235
-1.78235
-0.293196
0.239376
0.239376
0.239376
0.395638
1.49924
-0.913312
-0.913312
0.936991
0.654921
0.654921
0.654921
0.654921
1.15208
1.15208
1.15208
0.258438
0.258438
0.258438
0.258438
0.381695
0.381695
1.01115
1.01115
0.858064
0.858064
-0.676433
1.57044
1.57044
0.835934
-1.33204
2.00688
2.00688
2.36873
-0.711457
0.720078
0.720078
0.720078
0.720078
-0.843178
-0.843178
0.148612
0.148612
0.924401
-1.82277
-1.71456
-1.90615
-1.01515
-1.08727
-0.549751
-0.549751
-0.549751
-0.549751
-0.549751
1.49767
0.536426
0.536426
0.536426
