0.1
0.1
0.1
0.1
0.0319051
0.682252
-0.873907
-0.873907
-0.873907
2.02957
1.86848
1.86848
-1.69008
-0.770655
-0.770655
-0.770655
-0.616393
-1.00922
-1.00922
-1.00922
-1.00922
-0.985848
-0.985848
-1.09836
-1.09836
-1.09836
-0.000384545
-0.000384545
-0.000384545
-0.000384545
-0.000384545
-0.000384545
1.39506
-1.42595
0.0259857
0.0259857
0.0259857
1.08535
1.08535
1.08535
0.823168
0.823168
0.823168
-0.587543
0.615193
1.16732
-0.692747
-0.692747
-0.692747
-0.692747
-0.692747
-0.692747
-0.692747
0.250236
1.95888
0.391583
0.391583
0.391583
-0.176295
-0.176295
-0.176295
-0.176295
-0.176295
0.354669
0.354669
0.354669
-0.280073
-0.280073
-0.280073
-0.280073
-0.280073
-0.280073
0.141236
0.141236
-0.701283
-0.701283
-0.701283
-0.860093
0.65377
-1.80383
-0.420768
-0.420768
-0.420768
-0.420768
-0.420768
-0.420768
-0.420768
-1.78924
-1.78924
-1.78924
0.127994
-0.620341
-0.620341
1.25455
1.25455
2.14362
-0.884615
0.610012
0.610012
0.610012
-1.283
-1.283
-1.66221
-1.66221
1.12319
1.12319
1.12319
1.12319
1.12319
1.12319
1.12319
-1.1698
-0.127194
0.5996
0.5996
-1.22845
-1.22845
-1.22845
-1.22845
0.709571
0.709571
0.709571
0.709571
0.709571
1.33065
0.708058
0.708058
0.708058
0.548086
0.548086
0.548086
1.0791
-0.242464
-0.200572
-0.200572
-0.200572
0.0593287
0.0593287
0.0593287
0.0593287
0.0593287
0.0593287
-1.40051
-1.40051
0.733341
0.733341
-0.201413
-0.201413
-0.201413
1.28046
-1.86882
-1.86882
1.51119
1.79387
-0.161209
0.352685
-0.125746
-0.125746
-0.125746
-0.125746
-0.125746
-0.125746
-0.125746
-0.125746
-0.8655
-0.8655
0.0627836
-2.40432
-2.40432
-2.40432
-1.08736
-1.08736
-1.08736
-1.08736
-1.08736
-1.4448
0.306257
0.540868
0.540868
-1.91088
-1.91088
1.44665
1.44665
1.44665
-0.348398
-0.348398
-0.348398
1.29327
1.29327
-0.633971
0.300952
0.300952
0.300952
0.300952
0.300952
0.300952
0.300952
0.300952
0.300952
0.300952
-0.188888
-0.188888
-0.188888
-0.188888
-0.0725926
-0.0725926
-0.0725926
-0.0725926
-0.0725926
-0.0725926
0.758855
0.736561
0.715931
0.715931
0.693019
0.693019
0.693019
0.693019
0.693019
0.693019
0.841464
0.841464
0.841464
0.841464
0.841464
-0.0854642
-0.0854642
-0.0854642
0.354672
0.354672
0.354672
0.354672
0.0712885
0.0712885
0.0712885
-1.41487
-1.41487
-1.41487
-2.66092
-1.74047
-1.74047
-1.74047
-1.74047
-1.74047
-1.74047
-0.695319
0.701456
0.701456
-0.0849376
-0.0849376
-0.0849376
-0.0849376
0.76044
0.58457
0.58457
0.58457
0.58457
0.58457
0.58457
0.58457
0.58457
0.85303
-1.07871
1.00982
1.00982
0.415494
0.415494
0.415494
-0.496177
0.516857
0.516857
-0.215893
-0.215893
-0.215893
-0.477972
0.259645
0.259645
0.259645
0.259645
0.259645
-0.0521989
-0.0521989
-0.0521989
-0.0521989
-0.0521989
-0.505757
-0.505757
1.89167
0.730376
1.59175
1.59175
-1.24799
-1.24799
-1.24799
-1.24799
-1.24799
1.12805
1.12805
1.12805
1.60831
-0.238524
0.204912
0.204912
0.204912
-1.28735
1.7875
-1.80362
0.0956106
0.0956106
0.0429071
0.103924
0.229605
0.229605
0.229605
0.229605
0.883988
0.751527
-1.08016
-1.08016
-1.08016
0.0911316
0.0911316
0.0911316
0.0911316
0.0911316
1.07505
1.07505
1.07505
1.07505
1.07505
1.07505
1.07505
1.07505
0.732461
0.675995
0.675995
0.675995
0.675995
-0.181681
1.16871
1.16871
1.16871
1.16871
1.16871
1.36181
1.36181
-0.39926
-0.39926
-0.39926
-0.39926
1.35493
0.12448
0.12448
0.12448
-0.070861
-0.070861
-0.070861
-0.070861
-0.070861
2.26345
-0.168971
-0.168971
-0.168971
-0.527956
-0.527956
-0.476466
0.108662
0.108662
1.1279
1.1279
1.1279
-0.222748
-0.222748
-0.176138
-0.176138
-0.176138
-0.176138
-0.176138
0.272981
0.272981
-0.412093
-0.412093
-0.412093
-0.346082
-0.346082
-0.346082
-0.346082
-0.346082
-0.77333
-0.77333
-0.77333
0.038084
-0.558791
0.681677
0.681677
-1.15872
-1.15872
0.468707
0.468707
0.468707
0.468707
-0.510597
-0.510597
0.566572
0.730402
0.730402
0.730402
-0.197043
-0.197043
-0.493821
-0.493821
-0.493821
0.252138
2.26351
2.26351
1.53488
1.58836
1.58836
-1.11883
0.956077
0.45883
0.45883
0.45883
0.45883
0.45883
0.45883
0.45883
0.45883
0.530615
0.530615
0.530615
-0.412804
-0.412804
0.52788
0.52788
0.408957
0.408957
0.408957
0.408957
0.408957
0.408957
0.408957
0.408957
0.408957
0.408957
0.556882
0.556882
0.556882
-0.87471
-0.87471
-0.87471
-0.87471
-0.87471
-0.87471
-0.87471
-0.225658
-0.672265
0.680309
0.680309
1.02264
1.02264
-0.191208
-0.191208
-0.191208
-0.191208
-0.191208
-0.191208
-0.191208
1.54174
1.54174
1.54174
1.5588
1.5588
2.84022
-0.757343
-0.757343
-0.757343
-0.757343
-0.757343
-0.757343
0.975227
0.668486
0.668486
1.26245
1.26245
-1.11608
-1.11608
-1.11608
-1.11608
-0.157246
-0.157246
-0.157246
-0.157246
-0.157246
-0.157246
-0.157246
-0.157246
-0.157246
-0.157246
-0.157246
-1.61927
-1.41052
-1.41052
-1.41052
0.76685
0.0932702
0.174655
-0.539337
0.421952
1.56799
1.56312
1.56312
1.56312
-0.0816003
-0.0816003
-0.0816003
-0.543644
-0.543644
-0.543644
-0.543644
0.139056
0.139056
-1.48927
-0.295183
-0.945839
0.332086
0.423834
-0.470507
-2.10746
-2.10746
0.593177
0.593177
-1.009
0.0522849
0.0522849
0.0522849
-0.804625
-0.804625
0.444948
0.444948
-0.762424
1.23192
1.23192
1.37519
-0.962702
-0.962702
-0.962702
0.0225289
0.0225289
0.453573
0.453573
0.453573
-0.723583
-0.723583
-0.723583
-0.723583
0.3347
1.32029
0.0184377
0.0184377
0.0184377
0.7512
0.7512
0.7512
-1.81208
-1.81208
-0.445854
-0.977238
-1.55046
-0.556714
-0.556714
-0.556714
-1.1078
-1.1078
-1.1078
0.275616
0.808503
0.808503
0.808503
-2.03938
-2.03938
0.892976
0.892976
0.892976
0.892976
0.892976
0.892976
0.308502
-1.7411
1.20285
1.20285
1.36228
1.36228
1.36228
0.590058
0.590058
0.590058
1.43937
1.43937
1.43937
0.0823579
0.0823579
0.732595
0.732595
0.358904
0.358904
0.929253
-0.788376
-0.788376
-0.788376
-0.788376
-0.670592
-0.670592
-0.321965
-0.321965
-0.321965
-0.152051
0.44333
0.44333
0.44333
0.587432
0.587432
0.587432
0.587432
0.0626608
0.0626608
0.0626608
0.867588
0.867588
0.867588
0.867588
0.878294
-0.295246
-0.295246
-0.295246
0.363566
0.363566
0.363566
-0.113287
-0.113287
-0.113287
-0.113287
-0.113287
-0.113287
1.04519
0.720333
1.3472
1.3472
-0.880896
-1.5342
1.79763
2.04168
2.04168
-0.507471
-0.507471
-0.507471
-0.507471
-0.507471
-0.507471
-0.507471
-0.507471
-0.428392
-0.444474
-0.444474
-0.444474
-0.444474
-0.348616
-0.348616
1.59553
-1.07791
-1.07791
-1.07791
-1.07791
-1.07791
-1.07791
-1.07791
-1.07791
-1.07791
0.203095
0.203095
0.635181
0.129872
0.129872
0.129872
0.129872
0.129872
0.129872
0.129872
-0.22859
-0.22859
-0.22859
-0.22859
-0.906173
-0.644881
-0.644881
0.705635
1.04407
1.02487
-0.476377
-0.476377
-0.476377
1.57759
1.57759
2.12964
2.12964
-0.414599
-0.414599
-0.414599
-0.414599
-0.414599
-0.414599
-0.414599
-1.18517
-1.18517
-1.18517
-1.18517
-1.18517
-1.18517
0.583358
1.39043
1.39043
1.06917
0.0561146
0.0561146
0.0561146
0.0561146
0.963093
0.963093
0.963093
-0.761289
-0.761289
0.96834
0.599617
0.599617
0.599617
-0.92793
1.44075
1.44075
-0.429742
-0.429742
-0.429742
-0.429742
-0.429742
-0.31611
-0.859893
-0.859893
-0.859893
-0.859893
-0.859893
-0.798513
1.30742
1.30742
1.30742
1.30742
1.30742
-0.80457
-0.80457
-0.80457
-0.588944
-0.588944
-0.588944
-0.588944
-0.588944
-0.588944
-0.588944
-0.588944
1.54004
-0.123245
-0.123245
-0.123245
-1.3897
1.51426
1.51426
1.51426
1.51426
1.51426
1.51426
0.368035
0.368035
0.368035
0.368035
0.368035
0.368035
0.368035
0.368035
0.368035
0.368035
0.368035
-1.51053
-1.51053
-0.574802
-0.825352
0.66989
-0.953897
-1.15615
-1.15615
-1.15615
-2.8213
-2.8213
-0.94939
-0.94939
0.739873
0.739873
0.739873
-1.60434
-1.60434
-1.06991
-1.06991
-1.06991
-0.025164
0.0321988
0.0321988
0.0321988
0.0321988
-1.54337
-1.54337
1.38393
1.38393
1.38393
0.17871
0.17871
0.17871
0.17871
0.17871
0.4226
0.4226
1.70812
-0.493907
-0.493907
-0.493907
-0.493907
-0.493907
-0.493907
-0.493907
-0.493907
-1.22942
-1.22942
-1.22942
1.26573
-0.914206
-0.914206
0.67406
0.67406
0.67406
-1.33421
-0.0942779
-0.0942779
-0.0942779
-0.670444
-0.670444
-0.779048
-0.779048
-0.779048
-0.779048
-0.779048
-0.941803
-1.0171
-1.0171
-1.0171
-1.25488
-2.05094
-2.54202
-2.54202
-2.54202
0.788168
0.788168
0.788168
0.788168
0.788168
-1.53312
-1.53312
1.58019
1.58019
1.58019
1.78804
0.344731
0.344731
0.344731
0.785547
-2.25924
1.1266
1.1266
1.1266
0.885972
0.885972
0.430419
0.430419
0.430419
-0.25093
-0.558113
-0.134664
-0.251769
-0.251769
-0.251769
-0.251769
-0.251769
0.136295
0.136295
0.136295
0.136295
-0.635985
-0.635985
-0.635985
-0.635985
-0.635985
-0.635985
-0.79132
-0.79132
0.526445
0.526445
0.526445
0.526445
0.526445
0.526445
0.526445
-1.34241
-1.34241
-1.34241
-1.34241
1.40734
1.40734
-0.349909
0.922253
0.177532
-2.30853
-2.30853
-2.70773
-2.08186
-1.80394
-0.0208021
-0.0208021
0.197133
0.197133
-1.34062
-1.34062
-0.0424695
-0.0424695
-0.0424695
-0.0424695
-0.0424695
-1.27493
-1.27493
-1.27493
-1.27493
-1.27493
-1.27493
-1.27493
-1.27493
-1.27493
-1.42851
-0.744198
-0.744198
-0.744198
-0.744198
-0.744198
-0.744198
-0.744198
-0.769012
0.784532
0.784532
0.784532
0.784532
0.784532
0.784532
0.576213
-1.45951
-1.65615
-0.446549
-0.446549
-0.446549
-0.446549
-0.397578
2.48833
2.48833
2.48833
2.1216
1.09679
1.09679
0.358736
0.358736
0.358736
0.358736
0.358736
-1.16719
-1.16332
-1.16332
-1.16332
-1.16332
-0.68804
-0.391949
-0.391949
-0.391949
-0.391949
-0.391949
-0.391949
0.795562
0.795562
0.795562
-1.74809
-1.74809
