0.1
0.866516
-0.435532
-0.51312
-0.51312
-0.51312
-0.51312
-0.332077
0.717551
-0.852627
-0.280811
-0.280811
-0.280811
0.437176
-0.624451
0.499081
0.499081
0.499081
0.499081
0.499081
0.499081
0.499081
0.193634
0.193634
-0.280927
-0.280927
-0.290813
-0.290813
-0.0440717
2.40392
2.40392
2.18275
2.18275
2.18275
-1.70208
-1.70208
-1.70208
1.54525
0.637568
0.637568
0.637568
0.637568
0.637568
0.260388
0.260388
0.260388
0.260388
-0.39988
1.79043
1.79043
1.53691
2.66897
2.66897
0.229417
-0.0259987
-0.0259987
-0.324603
-0.72345
-0.72345
-0.72345
0.329611
0.329611
0.329611
-0.202972
-0.202972
-0.0731026
-0.0731026
-0.844517
-0.985565
-0.985565
-0.663662
-0.663662
3.19793
3.19793
-0.484083
1.03621
0.090919
0.090919
0.781249
0.781249
0.781249
0.781249
0.103615
0.342057
0.342057
0.342057
1.34903
1.34903
1.34903
1.26785
1.26785
1.26785
1.26785
1.26785
-0.111228
-0.111228
-0.111228
-0.111228
-0.111228
-2.05272
0.346447
-1.57053
-1.00247
-1.00247
-0.775072
-0.775072
-0.809792
-0.809792
-0.534936
-0.534936
-0.534936
-0.534936
-0.534936
-0.534936
-0.534936
-0.7225
-0.7225
-0.7225
-0.7225
-0.7225
-0.268372
-0.268372
-0.268372
0.302386
0.302386
0.302386
-2.67678
-2.67678
-1.73806
-1.73806
0.491541
0.491541
0.491541
0.491541
0.381539
0.381539
0.381539
0.381539
-0.470062
-0.470062
1.52705
1.52705
1.52705
1.52705
-2.43837
-1.04121
-1.04121
-1.04121
-1.04121
0.591447
-2.31318
-2.31318
-2.31318
-2.31318
-2.31318
-2.31318
1.49118
1.49118
1.49118
-0.337189
-0.337189
-0.337189
-0.337189
0.604757
-1.22887
-1.22887
-1.4762
1.03505
1.03505
-0.1087
-0.1087
0.648439
0.648439
0.254746
0.254746
0.254746
0.254746
0.254746
0.254746
0.254746
0.254746
0.254746
0.254746
0.798366
0.497491
0.497491
0.283541
0.283541
0.858311
0.42035
0.42035
0.42035
0.42035
1.39109
1.39109
1.75066
1.75066
1.11571
1.11571
1.11571
-1.46565
-1.46565
-1.46565
1.1696
1.1696
-0.499283
2.44005
1.3987
0.00931194
0.00931194
0.773523
0.63485
0.63485
0.63485
0.227554
0.227554
-0.875177
-0.0444879
-0.0444879
-0.0444879
-0.0444879
-0.0444879
1.52504
1.52504
1.33936
-0.291072
-0.291072
-0.291072
-0.291072
-0.291072
0.780514
0.780514
0.780514
0.780514
0.5671
0.5671
0.5671
-1.52909
-1.29161
-0.908194
1.49683
-1.78098
-0.893125
-0.893125
-0.893125
2.01794
0.692214
0.692214
0.692214
-1.61525
-1.61525
-1.61525
-1.61525
-1.61525
-0.889065
-2.13014
1.61227
1.61227
-0.484755
-0.212441
-0.212441
-0.212441
-1.90247
1.33191
-0.609803
-0.609803
-0.609803
1.98806
-1.01234
-1.01234
-1.01234
-1.01234
1.20602
-1.16198
-1.16198
-1.16198
-0.33721
-0.33721
0.0972671
0.0972671
0.0972671
0.0972671
0.0972671
0.0972671
0.0972671
0.0972671
0.480317
0.480317
-0.440257
-0.440257
-0.440257
-0.165923
-0.165923
-0.165923
0.245219
0.245219
0.592423
-1.48986
-0.86773
1.27732
-0.085052
-0.085052
0.0776792
1.17671
1.34451
-0.0984967
-0.0984967
1.6583
0.325834
-0.0954958
0.036157
0.036157
1.81974
1.81974
-0.984121
-0.984121
-0.984121
-0.984121
-0.984121
-0.984121
-0.984121
-0.480099
1.41278
-1.31793
-1.31793
-1.31793
-1.31793
-2.26184
0.124521
-1.54073
-1.28998
-0.587115
-0.587115
-0.587115
-0.110354
-0.110354
1.4738
-2.47986
-1.24812
-1.24812
-1.24812
1.36966
1.34743
1.20045
-0.151099
0.910278
1.98635
1.98635
1.98635
1.98635
0.706788
-0.564198
-0.564198
-0.564198
-0.564198
0.142685
0.142685
-0.743037
-0.743037
-0.743037
-0.743037
0.692487
2.56836
2.56836
2.31265
2.31265
-0.768298
-1.31269
-1.31269
-1.31269
2.43121
1.82354
-0.779081
-0.779081
-0.779081
-0.779081
-0.779081
-0.779081
1.14227
1.14227
0.995991
1.16754
1.16754
1.72235
-1.12792
-1.12792
-1.12792
-1.12792
1.38981
1.38981
1.47901
0.336143
0.708017
0.708017
-0.597031
-0.597031
-0.597031
0.296964
0.296964
0.296964
0.296964
0.296964
0.748894
0.748894
-1.02233
-1.02233
-1.02233
-1.02233
0.273201
0.273201
-0.38462
0.460336
-0.997194
0.149336
0.149336
0.0602997
0.0602997
-0.228933
-0.228933
-0.228933
-0.228933
-1.15199
1.8684
-0.354257
-0.354257
0.427837
-0.715949
-0.715949
1.52285
1.32485
1.32485
1.32485
1.32485
1.32485
1.32485
1.32485
0.714536
0.714536
0.714536
0.714536
0.714536
0.443599
0.443599
0.443599
0.443599
-1.50385
-1.50385
-1.50385
-1.50385
-1.51489
-1.51489
0.507881
0.507881
0.507881
-1.15082
1.89195
1.89195
1.48503
-0.155262
-0.155262
-0.285003
2.16165
1.26188
0.269545
0.269545
0.269545
0.269545
0.269545
0.935542
0.935542
0.481604
0.481604
0.481604
0.481604
-1.58469
-1.92033
-1.92033
-1.92033
-1.48154
0.00671242
0.00671242
0.00671242
0.00671242
0.00671242
0.00671242
0.00671242
0.00671242
0.00671242
0.00671242
-0.858925
-0.473931
-0.473931
-0.473931
-0.847984
-0.847984
-0.847984
-0.847984
-0.847984
-0.847984
-0.233945
-1.11495
-1.11495
-1.11495
-1.11155
-0.0129674
0.236834
0.284573
-0.545958
-0.938684
1.49982
-0.452615
-0.452615
-0.452615
-0.452615
-0.452615
1.39744
-2.20083
-2.20083
-2.20083
0.981923
-1.17628
-1.17628
-1.17628
1.41417
1.41417
-0.561951
-0.561951
-0.368998
-0.368998
1.78146
-1.73667
-1.73667
-1.15478
-1.15478
-0.0371433
-0.0371433
0.551513
-0.100274
-0.100274
-0.100274
-0.100274
-0.100274
-0.100274
0.997205
0.0264058
0.0264058
0.0264058
0.717167
0.717167
0.717167
0.717167
0.717167
0.717167
1.72855
1.50116
0.473253
-0.674832
-0.674832
1.41347
1.41347
0.0376808
0.0376808
0.110416
0.110416
0.669871
0.669871
0.835248
0.835248
0.835248
0.835248
0.480578
0.480578
-1.00162
0.105713
0.105713
1.03876
1.03876
1.03876
-0.705371
-0.705371
-0.705371
-0.705371
-0.705371
-0.705371
-0.455788
-0.455788
-0.455788
-0.455788
-0.455788
-0.455788
-0.455788
1.50479
-1.15095
0.135183
-2.17733
-0.262702
-0.262702
-0.262702
1.33079
1.33079
0.650153
-0.172343
-1.84059
-1.84059
0.932742
0.932742
0.318628
0.318628
1.99134
1.99134
-0.238618
-0.238618
-0.238618
-0.238618
-0.238618
0.72238
1.25269
1.25269
1.25269
0.148018
-0.0857964
1.47177
0.0596995
-0.772562
-0.772562
-0.772562
-1.11629
-0.917807
-0.917807
-0.917807
-0.917807
-1.71946
-1.71946
-3.47882
-3.47882
-2.78658
-2.78658
0.637266
0.637266
0.637266
0.637266
0.637266
-0.95108
-0.95108
-1.24568
-1.24568
0.503295
0.503295
0.503295
0.503295
0.503295
0.503295
0.503295
0.503295
0.503295
0.503295
2.22273
2.22273
2.22273
-0.404823
-0.404823
-1.30575
-1.30575
0.193826
0.193826
0.193826
0.193826
-0.514948
-0.108253
-0.108253
-0.812439
-0.812439
-0.812439
0.716535
0.364069
0.364069
0.364069
0.364069
0.364069
0.364069
0.717132
0.529637
1.55553
1.55553
1.2751
0.952239
0.952239
0.952239
0.952239
-0.788286
-1.73128
-1.73128
-1.73128
0.456974
0.456974
0.456974
0.456974
0.407912
-0.420316
-0.00683345
-0.00683345
-1.31616
0.859327
0.859327
-0.426373
-0.426373
-0.426373
-0.426373
-0.426373
1.4266
1.62255
0.290083
0.290083
0.290083
0.905994
0.905994
1.84067
1.81238
-2.17438
-2.17438
-2.17438
-1.90183
-1.90183
-1.90183
-1.90183
1.12285
1.12285
1.12285
1.72589
-0.424216
-0.424216
-0.329438
-1.05491
-0.302516
0.599191
0.599191
0.599191
0.599191
0.00618836
0.00618836
-0.0236161
-0.0236161
0.881256
0.881256
0.881256
0.881256
-2.24854
-1.62753
-1.62753
1.00264
-0.870772
-0.837315
-0.837315
-0.837315
-0.837315
-0.837315
-0.837315
-0.629891
-0.387571
-0.387571
-0.387571
-0.387571
-0.387571
-0.387571
-0.387571
-0.387571
-0.387571
-0.387571
-0.387571
-0.387571
-0.387571
-0.387571
0.0991173
-0.0373797
-0.0373797
-0.0373797
-0.0373797
-0.0373797
-0.0373797
-1.17486
-1.46736
-1.46736
-1.46736
-1.46736
-1.99749
-1.27647
-1.27647
-1.27647
-0.301305
-0.301305
-0.301305
-0.301305
-0.301305
-0.907748
-0.907748
-0.27717
-0.27717
-1.08223
-1.08223
-1.08223
-1.08223
1.37486
-0.849577
-0.299117
-0.299117
-0.299117
-0.299117
-0.299117
-0.195964
-0.195964
-0.195964
-0.195964
-0.195964
-0.195964
-0.195964
1.5556
0.42939
0.42939
0.42939
-0.746865
-0.700787
-1.42492
0.2023
0.2023
0.2023
-1.84054
-1.81122
-1.81122
-1.88009
-1.88009
-1.88009
-1.88009
0.623295
0.623295
0.623295
0.623295
-0.279498
-0.820891
-0.884395
-0.884395
-0.634557
1.25407
-0.0601671
-0.0601671
-0.0601671
0.0461282
-0.328852
-0.328852
-0.876047
-0.943922
-0.943922
0.804872
0.804872
0.563286
0.563286
0.563286
-1.18377
0.620219
-1.49256
-1.49256
-2.17292
-2.17292
-1.97481
0.172275
-0.155731
-0.244934
-0.436781
1.03709
1.03709
-1.08501
0.485014
0.485014
0.485014
0.485014
0.485014
0.485014
0.485014
0.659608
0.659608
0.659608
-1.9664
-1.9664
-0.925066
0.0619698
-1.53452
-1.53452
0.562984
0.562984
-0.931144
-0.931144
-0.931144
-0.174285
1.49158
1.49158
0.211408
0.211408
1.71056
1.34564
1.34564
1.89606
0.443677
0.443677
0.443677
-0.694501
-0.694501
-0.694501
-0.694501
-0.694501
-0.694501
-0.694501
-0.694501
-0.694501
-0.408747
0.751702
0.246303
0.246303
0.246303
0.383363
0.383363
0.383363
0.383363
0.383363
0.383363
0.383363
0.383363
0.383363
0.747858
2.44852
2.44852
1.68794
-2.20638
1.67368
-1.35152
-1.00797
-0.920836
-0.571253
-0.571253
-0.571253
-1.08994
1.17518
1.17518
1.17518
1.17518
1.17518
1.17518
1.99824
1.68161
1.55051
1.86408
1.86408
-0.656576
-0.656576
-0.656576
-0.656576
-1.02485
-1.02485
-1.02485
1.25083
1.25083
1.25083
-0.634356
-0.634356
-0.634356
-0.634356
-0.634356
-0.634356
-0.634356
-0.962567
-0.962567
0.6375
0.6375
1.10197
-1.34842
0.712662
0.712662
0.712662
-0.668076
-0.668076
-0.3933
-0.3933
0.799927
0.799927
0.799927
0.799927
0.304346
-2.15668
0.722759
0.722759
0.722759
-0.980529
0.725018
0.725018
-0.210222
-0.634177
-0.634177
-0.600417
0.783568
0.783568
0.783568
-1.05036
