0.1
0.1
0.1
-0.527219
2.05676
1.93455
-1.9853
1.18887
1.18887
1.18887
1.18887
1.18887
-0.90878
1.52843
1.52843
1.52843
-0.0315374
-0.0315374
1.05968
1.05968
1.05968
-2.56673
0.608703
0.608703
0.608703
0.608703
0.608703
0.608703
-1.20244
-1.20244
-1.20244
-1.20244
-1.20244
-0.656361
-0.656361
-0.656361
-0.656361
0.731735
-0.00171189
-0.0552823
-1.29901
1.53715
1.53715
1.53715
-0.821625
-0.821625
1.58303
0.532155
0.532155
-1.85991
-1.03952
0.383803
0.383803
0.383803
0.383803
0.383803
-0.785922
-0.0935765
1.00521
1.00521
1.80078
1.61595
1.61595
1.61595
1.61595
1.61595
1.61595
-1.60394
0.166459
0.166459
0.166459
0.15981
0.15981
-0.846445
0.0831441
-1.24195
-1.24195
-0.316584
0.937799
0.937799
0.937799
0.937799
0.937799
0.937799
0.937799
-0.189548
0.399656
0.399656
0.399656
0.399656
0.399656
0.399656
0.399656
0.399656
0.399656
0.399656
0.399656
0.386473
0.386473
0.386473
0.386473
-0.296028
-0.00263909
-0.00263909
-0.00263909
-0.00263909
-0.457254
-0.457254
-0.457254
-0.457254
-0.457254
-0.457254
-0.457254
-0.457254
-0.457254
-0.457254
-0.457254
-0.35027
-0.35027
-1.4761
-1.4761
1.73
-0.536625
-0.536625
-1.10905
-1.10905
-0.732073
-0.732073
-1.05267
-1.05267
-1.05267
-0.744558
-0.802647
-0.802647
-0.802647
-0.802647
-0.802647
-0.802647
-1.89493
0.113647
0.113647
-0.143026
0.382927
2.53681
-1.01469
-1.01469
-1.01469
0.244891
0.0994045
0.0994045
0.0994045
0.0994045
0.0994045
0.0994045
-0.0461641
-0.0461641
-0.0461641
0.923585
0.923585
0.679217
-0.343688
-0.343688
-0.343688
-0.343688
-0.343688
0.36389
0.36389
-0.288791
-0.288791
-0.639691
-0.830895
-0.830895
-0.830895
-0.830895
-0.830895
1.03084
1.03084
-1.43549
1.02808
1.02808
0.673003
-1.13923
-1.13923
-2.10444
-2.10444
-1.55017
-1.55017
-1.55017
0.915108
2.13925
-0.587547
-0.587547
-1.9688
-1.9688
-1.9688
0.569862
0.569862
0.569862
-1.78282
-1.78282
0.505208
0.505208
0.505208
0.505208
0.505208
0.505208
0.505208
-0.0993149
-0.0993149
-0.119637
0.586466
-0.445918
-0.445918
0.194035
0.194035
0.194035
1.45891
1.44148
1.44148
0.747019
-1.17993
-1.17993
-1.17993
-1.30924
-1.30924
-1.30924
-0.416194
-0.416194
-0.416194
-0.416194
-0.165141
0.345683
0.253944
0.253944
0.253944
0.253944
0.448298
0.448298
0.448298
0.448298
0.448298
0.448298
0.448298
0.448298
0.448298
0.569169
-0.125493
-0.125493
-0.125493
-0.125493
-0.125493
-0.125493
-0.500706
-0.500706
2.28186
-0.325342
-0.325342
-0.325342
0.455239
0.455239
1.68145
1.68145
1.68145
1.1718
1.1718
-1.71594
-1.71594
-0.494608
-0.494608
-0.494608
-0.494608
-0.494608
-0.494608
-1.69534
-0.438456
-0.438456
-0.438456
-0.438456
-0.438456
-0.438456
0.845073
-1.37513
-1.37513
-1.37513
-1.37513
-2.09238
-2.09238
-2.09238
-2.09238
0.255253
0.255253
0.255253
0.255253
0.255253
0.255253
0.255253
0.561116
0.561116
-0.392435
-0.392435
-0.392435
0.885964
0.411628
0.0481789
0.0481789
0.0481789
0.446847
0.446847
0.446847
0.446847
0.446847
0.261214
0.261214
0.72889
0.72889
0.72889
0.72889
1.11908
1.11908
0.975516
0.975516
0.975516
1.39067
1.39067
1.39067
-0.110941
-1.14682
-1.14682
-1.14682
1.26491
1.26491
-1.09403
0.017545
0.017545
0.017545
0.017545
0.260842
0.260842
-0.423848
-0.738312
1.06148
1.06148
1.34817
1.34817
-0.350859
0.28272
0.28272
0.28272
0.28272
0.28272
0.28272
-0.942523
1.02853
1.21707
1.21707
1.3047
1.07347
1.07347
-1.36622
-1.36622
1.56787
-1.40978
-1.40978
-1.40978
-1.40978
0.731904
0.315127
-0.490751
0.693568
0.693568
0.693568
0.693568
0.693568
0.693568
0.693568
0.693568
0.471662
2.12145
2.12145
2.12145
0.694005
0.694005
0.694005
0.694005
0.694005
0.694005
0.694005
0.694005
0.694005
0.694005
0.694005
0.13298
0.13298
0.13298
0.13298
0.142066
0.142066
-0.0253011
-0.0253011
0.318901
0.318901
-0.815072
-0.815072
-0.815072
-0.815072
-0.815072
-1.30571
-1.30571
-1.30571
-1.30571
-1.30571
-2.58492
-2.58492
1.27156
1.27156
-0.479131
-0.479131
-0.479131
-0.479131
1.07135
1.07135
1.24832
1.24832
1.24832
0.0944758
0.0944758
0.0944758
0.0944758
0.0944758
0.0944758
0.0944758
0.0944758
0.0944758
0.0944758
0.0944758
1.56724
1.49957
1.49957
-1.03024
-0.107877
0.411051
1.44073
1.44073
1.44073
1.44073
2.19053
2.19053
0.153551
0.153551
0.153551
-2.34242
0.92823
0.92823
0.92823
0.92823
-0.571714
0.640647
0.640647
0.640647
0.640647
0.640647
-0.360781
-0.360781
-0.360781
-0.360781
1.03907
1.03907
-0.61767
-0.61767
-0.61767
-0.61767
-0.61767
0.426016
0.426016
4.22631
0.550682
0.550682
0.550682
0.550682
0.550682
-1.31885
-1.31885
-2.22804
0.823329
0.823329
0.823329
0.823329
-1.32941
-1.39596
-1.39596
1.82534
1.82534
0.23032
-0.509134
1.43257
-0.326465
-0.722676
-0.459363
-1.19162
-1.19162
-1.19162
-1.19162
1.4597
0.588325
0.588325
0.588325
1.10327
1.10327
1.10327
1.10327
1.10327
1.83008
1.54042
1.53449
0.216665
0.216665
-0.822143
-0.822143
-0.822143
-0.822143
-0.391636
1.7269
-1.5021
-1.5021
-1.5021
1.68788
1.60467
0.938767
-1.44298
1.21186
1.21186
1.21186
1.21186
2.41558
1.07838
1.07838
-0.233352
-0.233352
-0.233352
-0.233352
0.361699
1.34705
1.34705
-1.08257
-1.08257
0.736319
0.736319
0.736319
0.736319
1.32273
-2.19829
0.0473588
0.0473588
0.0473588
0.0473588
-0.569086
-0.640401
-1.5016
0.473234
0.473234
0.473234
0.473234
0.256549
0.272898
1.25491
1.25491
-1.04611
-1.04611
-0.291052
-0.291052
-0.291052
-0.291052
-0.291052
-1.91543
-1.91543
-1.91543
-1.91543
-2.40555
-2.40555
-2.48497
-1.33061
0.134825
-0.210661
-0.210661
0.0543106
0.0543106
0.00840428
0.695897
0.695897
0.0152267
0.0152267
-0.739604
-0.739604
-0.739604
-0.739604
-1.4646
-1.56328
-1.56328
-0.483257
-0.603417
0.147098
0.147098
-2.31274
-2.31274
-2.31274
-2.31274
-1.00615
-1.00615
1.4988
1.4988
1.4988
0.523005
0.523005
2.13136
2.03181
-1.88367
-1.88367
-1.88367
-1.77692
0.653125
0.653125
0.653125
-0.233511
0.0139915
0.0139915
0.0139915
0.0139915
0.0139915
-1.59693
-1.52167
2.08412
2.08412
2.08412
2.08412
0.187344
0.187344
0.187344
-0.932843
-0.932843
-0.932843
-0.932843
-0.932843
-0.932843
-0.692223
-0.692223
-0.692223
-0.692223
-0.692223
-0.692223
0.860117
0.860117
0.860117
0.860117
-0.0223679
-0.0223679
-0.0223679
-0.306761
-0.306761
-1.30054
-0.0378582
-0.0378582
-0.0378582
-0.0378582
-0.0378582
-0.00342428
-0.00342428
-1.75288
-1.75288
-1.71324
-0.0176112
0.0934693
0.0934693
0.0934693
0.0934693
0.0934693
0.0173798
0.236109
0.236109
0.236109
0.236109
0.673824
0.673824
0.673824
0.673824
-0.812382
0.743092
0.743092
0.284167
0.284167
0.284167
0.284167
0.56969
0.56969
0.649887
0.649887
0.649887
0.649887
0.917527
0.342644
0.342644
0.342644
0.443929
0.443929
0.443929
0.443929
-0.185377
-0.185377
-0.185377
-0.261499
-0.261499
-0.261499
-0.261499
-0.261499
-0.261499
-0.261499
-0.261499
-0.261499
-0.608124
-0.608124
-0.608124
-0.608124
0.254517
0.254517
0.254517
0.254517
-0.0230365
-0.0230365
1.23932
0.420717
1.46139
1.46139
1.46139
1.46139
1.91369
1.91369
0.726642
-0.576419
-0.576419
0.804128
0.804128
0.804128
1.64207
-0.0369687
-0.0369687
2.40557
2.40557
2.40557
-1.34983
-1.34983
-1.34983
0.753583
0.753583
0.800252
0.800252
0.800252
0.800252
0.280458
0.280458
0.280458
0.280458
0.280458
-1.18514
-1.18514
-1.18514
0.698716
0.698716
0.698716
0.698716
-0.816741
-0.816741
0.982842
1.26557
1.26557
1.26557
1.26557
1.26557
-2.52309
-0.434874
0.425623
2.7556
2.05657
2.05657
2.05657
-0.752451
0.915255
2.03767
2.55771
2.55771
2.55771
2.55771
2.55771
1.91487
1.91487
-0.725979
-0.725979
-0.725979
-0.725979
0.838485
0.838485
-0.105202
-0.105202
-0.105202
-0.105202
0.624774
0.624774
0.624774
0.624774
-1.84131
0.501684
1.99355
1.99355
1.08784
1.08784
0.884249
-0.627906
-0.599979
-0.599979
-0.599979
-0.599979
-0.599979
-0.599979
-1.70228
-0.181049
-0.181049
-2.05896
-2.75736
-1.57513
-1.57513
-0.882043
-0.882043
-0.882043
-1.18473
-1.18473
-0.912748
-0.912748
0.161869
0.161869
0.161869
0.161869
1.44596
0.138166
0.199755
0.199755
0.199755
-1.31486
-1.31486
-1.70298
-1.70298
-1.70298
-1.70298
-1.84581
-0.320726
-0.320726
-0.320726
0.74451
0.74451
0.74451
-0.9007
-0.9007
0.783385
0.783385
0.783385
0.783385
-0.700638
-0.700638
-0.700638
1.35741
1.35741
1.35741
1.35741
-0.215947
-0.215947
0.123843
0.123843
0.123843
0.123843
0.29637
0.29637
0.29637
-1.18071
-1.18071
-1.18071
-1.18071
-1.18071
-2.8472
1.07705
1.07705
-1.71967
-1.71967
-2.32397
-2.32397
1.02265
-1.16073
0.228364
1.24591
1.28913
0.974689
0.974689
0.974689
-1.17169
-1.17169
-1.17169
-1.17169
2.67808
1.88917
0.664066
0.664066
-0.0128903
-0.0128903
0.132089
0.132089
0.132089
2.15823
1.33346
-0.0161759
-0.0161759
0.0248353
0.0248353
-0.022144
-0.022144
-0.0503101
0.038735
0.038735
0.038735
0.334178
0.334178
0.334178
0.334178
0.334178
0.334178
0.231318
0.231318
0.231318
0.231318
0.231318
0.231318
0.231318
0.231318
-0.779253
-0.359992
2.40392
1.86106
0.625249
0.625249
0.625249
1.23166
1.23166
-0.962056
-0.962056
1.24323
1.24323
-0.440438
-0.440438
-0.440438
-0.440438
-0.440438
-0.440438
-0.440438
-0.440438
-0.440438
-0.440438
0.30527
0.30527
-1.96739
0.471776
0.471776
0.471776
0.471776
0.471776
-0.382149
-0.382149
-0.382149
-0.382149
-0.584217
1.60397
-1.76097
-1.43675
-1.43675
-1.43675
-1.43675
2.115
-0.731193
-0.731193
-0.731193
0.454821
0.801843
0.801843
0.381444
0.381444
0.381444
0.381444
0.381444
0.28795
0.28795
0.28795
0.28795
0.28795
0.158956
0.158956
-0.0806985
