0.1
1.13522
1.13522
1.13522
0.369314
0.369314
0.369314
0.369314
0.369314
0.369314
0.369314
0.369314
0.369314
0.369314
0.369314
0.369314
-0.178079
-1.31797
-1.31797
-1.31797
-0.742935
-0.742935
-2.23007
-2.23007
-2.60283
-2.37074
-1.10705
-1.10705
1.04622
1.04622
1.04622
-0.553876
-0.553876
-0.553876
-0.553876
-0.553876
-0.553876
0.391046
0.391046
0.391046
0.211974
0.211974
0.211974
0.211974
0.211974
0.211974
0.211974
0.636525
0.636525
-1.00255
-1.00255
0.941716
0.941716
0.853317
0.853317
0.853317
1.06297
-0.836006
-0.836006
0.453879
0.453879
0.453879
0.453879
0.453879
-2.22523
-2.22523
1.73135
1.73135
-1.7054
2.24445
2.24445
2.24445
2.24445
2.24445
1.42055
0.756162
-1.53439
-1.53439
-1.75185
-1.75185
-1.75185
1.21215
1.21215
-0.645786
-0.645786
-0.645786
-0.645786
0.317111
0.317111
0.317111
0.317111
0.317111
0.317111
0.317111
0.317111
0.317111
0.317111
-0.158485
-1.0668
-1.0668
-1.0668
1.25775
1.25775
0.511962
0.511962
0.511962
0.511962
0.511962
0.511962
0.511962
0.216841
0.216841
0.216841
0.216841
0.402467
2.33391
2.01172
-1.90862
-0.370452
-0.370452
2.47188
-1.31325
-1.31325
-1.31325
1.37406
1.37406
-0.0717465
-0.0717465
-0.0717465
-0.0717465
-0.0717465
-0.0717465
-0.0717465
-0.0717465
-0.0717465
-2.40717
-0.413799
-0.413799
0.309843
0.913499
0.913499
0.0473708
0.0473708
0.0473708
0.0473708
0.0473708
0.0473708
0.0473708
-0.417614
-0.417614
1.37872
1.37872
0.321374
0.532595
-1.57217
1.36828
0.425018
0.425018
0.425018
0.425018
-0.413468
-0.413468
-0.413468
0.58194
0.123045
-1.60776
-1.60776
1.52767
1.26754
1.26754
-0.399318
-0.399318
-0.399318
-0.399318
0.447166
0.447166
0.447166
0.447166
0.447166
0.447166
-0.34078
-1.37562
-1.37562
-1.37562
-1.37562
-1.37562
-1.37562
-0.929407
-0.929407
-0.807949
-0.515204
-0.515204
-0.515204
0.555598
0.555598
0.555598
0.555598
0.555598
0.555598
0.555598
-1.40744
1.98183
1.98183
0.207576
0.207576
0.207576
0.207576
0.86127
0.86127
-0.24551
-0.24551
0.246845
0.246845
0.246845
0.246845
1.02332
1.02332
1.02332
1.02332
1.02332
1.02332
-0.275039
-0.275039
-0.275039
-0.275039
-0.275039
0.769822
0.769822
0.769822
0.769822
-0.850343
-0.850343
-0.850343
-0.76006
-0.76006
-0.76006
-0.757006
-0.757006
-0.634931
0.359129
0.359129
0.359129
-1.12249
-0.557966
-0.349551
-0.349551
0.726926
-0.589468
-1.09268
1.6964
1.6964
1.6964
1.6964
-0.603799
-0.603799
0.0469535
0.0469535
0.0469535
1.79662
1.79662
1.79662
1.79662
1.79662
-1.44233
-1.44233
-1.44233
-1.85052
-1.85052
-0.236018
-0.236018
2.26344
-1.23501
-1.23501
2.0699
2.0699
-0.212122
-0.212122
-0.212122
-0.212122
-0.212122
-0.212122
-0.212122
-0.212122
-0.212122
-0.483174
0.739172
0.739172
0.739172
0.936533
-1.32197
1.37148
1.37148
1.58431
1.58431
1.58431
1.30844
-0.236922
-0.236922
-0.236922
-0.135931
-0.135931
-0.135931
-0.135931
-1.02834
-1.02834
-1.02834
-0.246274
-0.246274
-0.225548
-0.225548
-0.225548
-0.225548
0.505475
0.505475
-1.76791
1.04454
1.04454
1.04454
1.04454
1.04454
0.823097
0.823097
0.823097
0.823097
0.823097
0.823097
-0.0573196
-0.0573196
-0.0573196
0.415648
0.155009
0.155009
0.190475
0.190475
0.190475
-0.425972
-0.425972
-0.425972
-0.425972
-0.425972
-0.425972
-0.425972
-0.425972
-0.425972
-0.425972
-0.550376
0.779617
0.779617
-0.262085
-0.262085
-0.262085
-0.262085
-0.262085
-0.262085
-0.620112
0.578466
0.578466
0.578466
0.578466
0.578466
0.578466
0.578466
-1.05112
-1.05112
-1.07663
0.385644
0.385644
-0.1253
-0.1253
-0.1253
-0.120635
-0.120635
-0.120635
-0.120635
-0.120635
-0.120635
-0.120635
-0.120635
-0.473761
-0.473761
-0.473761
-0.473761
-0.473761
-0.473761
1.5957
-0.515268
-0.515268
-0.515268
-0.515268
-0.515268
-0.515268
-0.515268
-0.515268
-0.430202
-2.12461
-2.12461
-2.12461
0.0150919
0.0150919
0.0150919
-1.54109
-1.54109
-1.54109
-1.54109
1.0527
-1.27676
-1.27676
-1.27676
0.507813
0.507813
0.163262
0.163262
0.163262
0.163262
-0.639819
-0.639819
1.62941
1.62941
-2.21511
-2.21511
-2.21511
-2.21511
-0.924415
-0.924415
1.53464
1.53464
1.20736
1.20736
-1.39002
-1.39002
1.62195
2.26448
1.66559
1.27971
0.218437
0.668892
0.366594
0.420103
0.420103
0.415277
0.415277
-0.792641
-0.792641
-0.5235
1.84964
1.84964
0.220337
0.220337
0.220337
-0.628952
-0.628952
-0.628952
-0.628952
0.327674
0.327674
0.327674
0.327674
0.837882
0.221488
0.221488
0.221488
0.221488
0.221488
0.769449
0.769449
-0.656998
-0.656998
-0.656998
-0.656998
0.628881
1.58102
1.58102
1.58102
1.98834
-1.66151
-1.66151
-0.569865
-0.569865
-0.979659
-0.979659
-0.979659
-0.979659
0.769985
-0.611399
-0.611399
-0.611399
0.197297
0.197297
0.197297
0.197297
0.197297
0.197297
0.197297
0.197297
0.197297
0.197297
0.197297
0.197297
0.197297
0.197297
-0.801011
0.286638
0.286638
0.286638
0.286638
0.286638
1.68289
-1.04364
-1.04364
0.507569
1.09205
1.09205
1.09205
1.09205
-1.72469
-1.72469
2.14356
-0.366898
0.573149
0.573149
0.573149
0.573149
0.856223
0.856223
-0.114067
0.360963
0.370796
1.07431
1.07431
1.07431
-2.33078
-2.33078
-2.33078
-2.33078
-1.38397
-1.38397
-2.38452
-2.38452
-1.94053
-1.94053
-1.94053
0.531151
0.531151
0.256057
0.256057
0.256057
0.256057
0.700472
0.700472
0.700472
0.700472
0.700472
0.700472
0.12323
0.12323
0.12323
0.12323
0.794691
0.731371
0.731371
0.731371
0.731371
0.731371
0.731371
0.731371
0.731371
0.626703
0.626703
0.626703
0.626703
-0.073229
-0.073229
1.23442
1.23442
1.98248
-0.153633
-0.153633
-0.153633
-0.139744
-0.139744
-0.139744
-0.139744
-0.139744
-0.139744
0.442857
0.735078
0.910166
0.910166
1.4157
-0.148097
-0.148097
-0.616105
-0.616105
-0.616105
-0.616105
-0.616105
-0.616105
0.699224
0.699224
0.699224
0.699224
0.699224
0.699224
0.699224
0.699224
0.699224
-0.595977
-0.595977
-2.55334
-0.0679902
-0.0679902
-0.0679902
-0.0679902
-0.0679902
-0.0679902
-1.00812
0.999436
1.65624
-1.09111
-0.19933
-0.19933
-0.19933
0.751627
0.751627
1.47038
1.47038
-0.893016
-0.873851
-0.873851
-0.873851
1.49058
-0.848258
0.792216
0.792216
0.792216
0.792216
0.792216
0.792216
0.792216
0.792216
0.792216
0.792216
1.78919
1.78919
-0.219955
0.902586
0.902586
0.902586
0.902586
0.902586
0.444807
-0.445766
2.46058
0.0152241
0.0152241
0.650059
0.650059
0.650059
-0.475131
-0.475131
0.298748
0.298748
0.298748
0.298748
-0.0641545
-0.0641545
-0.0641545
-0.811879
-0.00495549
-0.00495549
0.437606
0.437606
-1.85411
-1.85411
-1.85411
-1.85411
0.529243
0.529243
0.529243
0.529243
0.529243
-0.341082
-0.341082
-0.341082
-0.341082
-0.341082
0.901265
0.901265
0.901265
-0.0709562
-0.0709562
-0.0709562
-0.0709562
-0.0709562
0.180482
0.215686
0.215686
0.215686
0.215686
0.215686
0.215686
0.215686
0.682187
1.16203
1.53607
1.53607
-0.839881
1.70069
1.70069
-0.994331
-0.994331
-0.994331
-0.994331
0.191472
0.191472
-1.0017
1.02534
-0.303849
-0.303849
-0.303849
-0.303849
0.191726
0.191726
0.191726
0.191726
0.762756
0.762756
0.762756
-1.07157
-1.07157
-1.07157
1.55467
-0.46012
-0.46012
-0.46012
-0.46012
-0.46012
-0.46012
-0.46012
-0.46012
-0.649548
-0.649548
0.853126
0.853126
0.853126
0.853126
-1.31076
-1.31076
-1.31076
0.358328
0.358328
-0.14442
-0.14442
-0.14442
-0.14442
-0.717549
-0.978241
-0.978241
-0.987785
-0.987785
-2.09262
0.229813
0.0550232
0.0550232
0.0550232
0.939984
-0.023843
0.838149
-1.34437
-1.34437
1.35132
-0.646132
0.7096
0.7096
0.7096
0.7096
0.7096
0.7096
0.7096
0.7096
0.7096
-0.668985
-0.668985
-0.668985
-0.668985
-0.668985
-0.668985
-0.668985
-0.668985
-0.668985
-0.668985
-1.01158
-1.01158
-1.01158
1.12713
0.72824
0.625671
0.640507
0.640507
0.640507
-0.318483
0.329637
1.27249
1.27249
-1.91645
0.345454
0.345454
0.345454
0.345454
0.345454
0.345454
-0.0391369
-0.0391369
0.863871
0.863871
1.35364
1.35364
1.38919
0.358556
0.358556
0.358556
0.358556
-0.0511614
-0.0511614
-0.0511614
-0.0511614
-0.0511614
-0.0511614
0.997297
0.246402
0.246402
0.246402
-0.820976
0.749026
0.749026
0.749026
0.749026
0.749026
0.0718296
0.0718296
0.0718296
0.0718296
0.0718296
1.80515
1.80515
-0.572738
-0.572738
-0.572738
-0.572738
-0.572738
0.289778
0.289778
0.289778
0.289778
0.289778
0.289778
0.289778
1.10934
1.10934
1.26338
0.907326
0.486438
0.486438
0.350362
-0.917627
-0.917627
-0.917627
-0.917627
-0.917627
-0.917627
-0.917627
-0.917627
-0.917627
-0.917627
-0.917627
-0.917627
-0.917627
-0.917627
-0.917627
-0.917627
0.20211
0.20211
0.20211
0.0479289
0.0479289
1.91217
1.91217
1.91217
1.91217
1.91217
1.91217
0.888061
0.888061
-1.93242
-0.541488
-0.541488
1.4762
1.4762
-0.785238
-0.785238
-0.785238
1.11976
1.11976
1.11976
1.11976
1.11976
1.11976
1.11976
1.11976
1.11976
1.11976
0.765848
0.765848
-0.326677
-0.326677
-0.326677
-0.326677
-0.828956
-0.828956
0.583166
0.437595
0.47289
0.47289
1.23136
1.23136
1.23136
1.23136
1.23136
1.23136
1.23136
1.23136
0.104154
0.104154
0.104154
1.79308
0.0602257
0.0602257
0.0602257
0.0602257
0.0602257
-0.923637
-0.923637
-0.923637
0.931109
-0.611059
-0.480615
-0.480615
-0.16479
-0.16479
-0.283345
-0.283345
0.976487
0.479436
-0.230035
-0.230035
2.20677
-0.350524
-0.350524
-0.350524
0.404551
0.404551
0.404551
0.404551
0.404551
0.404551
0.404551
0.404551
0.404551
0.404551
-0.00539466
-0.00539466
-0.00539466
-0.00539466
-0.00539466
-0.00539466
0.0408112
0.0408112
0.0408112
1.75163
0.353831
0.353831
-0.277779
-0.749171
-0.749171
-0.740068
-0.740068
-0.740068
0.515045
0.515045
0.668837
0.668837
0.668837
0.668837
0.668837
0.668837
-0.848488
-0.848488
-0.389346
-0.389346
-0.986809
