0.1
0.1
0.1
0.1
0.1
-0.928763
-0.928763
-0.313871
-1.73599
-1.64463
-1.17408
-1.17408
-1.17408
-1.78796
2.001
2.001
1.92014
0.450751
0.450751
0.450751
0.450751
-0.430804
1.22281
1.22281
1.66538
1.7017
-2.10453
1.2041
1.2041
1.2041
1.2041
0.224804
-0.403483
-0.403483
-0.403483
0.570265
0.570265
0.570265
0.570265
0.570265
0.570265
0.570265
0.570265
0.570265
0.570265
0.570265
0.570265
0.682092
0.682092
0.682092
0.592745
-1.40331
1.43067
1.43067
1.54504
1.54504
-0.553393
-0.553393
-1.01867
-0.576636
-0.576636
-0.576636
-0.576636
-0.576636
0.526658
0.526658
1.49701
1.49701
-0.385527
0.502917
-0.395264
-0.395264
-0.395264
1.22705
0.768201
-1.48168
-0.688867
-2.18109
-2.18109
0.88242
0.88242
0.88242
0.88242
0.88242
-0.538539
-0.538539
1.36857
1.36857
1.36857
1.83301
-1.80662
-2.42142
-2.42142
-2.42142
-2.42142
-0.607628
-0.607628
-0.607628
-0.607628
-0.847568
-0.19563
-0.19563
-0.19563
-1.79557
-1.79557
-1.79557
-1.34708
-1.15781
0.517284
2.48001
-0.050694
-0.050694
-0.050694
0.539355
0.539355
0.539355
-1.59842
-0.682691
-0.682691
-0.682691
-0.682691
0.35174
0.35174
0.35174
0.35174
1.48249
-0.909633
-0.909633
-0.909633
-0.909633
-0.909633
-0.909633
-0.909633
-0.909633
-0.997181
1.31066
1.31066
0.95705
-0.649267
-0.649267
-0.528431
1.11847
-0.761755
-0.761755
-0.761755
-0.761755
-0.761755
-1.95694
-1.37212
-1.37212
0.337824
2.8625
2.8625
1.90907
1.51653
1.51653
0.0920874
0.0920874
2.63563
2.63563
2.63563
2.63563
2.63563
2.63563
2.63563
2.9315
2.54461
2.54461
3.18952
2.29259
-0.415985
-0.256714
-0.256714
-0.256714
-0.256714
-0.256714
0.264903
0.264903
0.264903
0.264903
0.264903
0.264903
0.264903
0.264903
0.264903
-0.341719
-0.341719
-0.341719
-0.341719
-0.341719
-0.341719
-0.341719
0.0860999
0.308327
-0.469095
1.39142
1.39142
-1.81118
-1.81118
-1.81118
-1.81118
-2.04158
-1.4057
-0.175315
-0.580842
-0.580842
0.856124
0.856124
-0.973167
-0.973167
-0.973167
0.83985
-0.382485
-0.382485
-0.382485
-0.382485
-0.382485
-0.382485
-0.382485
1.23469
-1.11318
-1.11318
0.874227
-0.439066
1.35264
1.35264
1.35264
1.35264
0.6136
0.411848
-1.15466
-1.15466
-0.108558
-0.108558
1.19469
1.17023
1.17023
1.17023
1.17023
1.17023
1.17023
-0.40715
-0.40715
-0.40715
-0.40715
0.345985
0.345985
0.345985
-0.146646
-0.146646
-0.146646
-0.146646
-0.0185222
-0.0185222
-0.0185222
-0.0185222
-0.0185222
-0.578391
-0.578391
-0.578391
-0.578391
-0.578391
-0.578391
-0.832842
-0.832842
-0.481732
-0.481732
0.205718
0.205718
0.205718
0.205718
0.205718
0.205718
0.205718
0.205718
1.17895
1.17895
1.17895
-0.665848
-2.54534
1.35489
1.35489
1.54267
-0.576837
-0.644445
-0.644445
0.0694191
0.0694191
-1.57636
1.75366
1.75366
0.77007
0.77007
-0.117002
-0.117002
-0.117002
-0.117002
-0.117002
-0.117002
-0.117002
-0.117002
1.62052
-2.08123
-1.23879
-1.23879
0.495557
-0.437282
-0.60697
-0.60697
-0.556419
0.505477
0.505477
0.505477
0.505477
1.60289
1.25949
-2.69083
-2.69083
0.140028
0.140028
0.140028
0.140028
-1.07977
-0.101955
-0.101955
-0.101955
-2.46497
-2.46497
-0.692169
-0.692169
-0.692169
-1.25322
-1.67659
-1.67659
0.455281
-0.0295823
-0.0295823
-0.983907
-0.983907
-0.983907
2.07179
-0.477701
-1.72538
1.31742
1.31742
-0.49283
1.97965
1.97965
1.97965
-1.13712
1.49131
-0.669043
1.5743
1.5743
1.5743
1.5743
-2.27122
0.451067
0.451067
-0.780779
-0.780779
-1.22041
-1.19476
0.96505
0.96505
-1.26821
-1.26821
-0.252311
-0.252311
-0.252311
-0.252311
-0.252311
0.769338
1.01534
-1.18092
-1.18092
-1.18092
-1.05293
-1.05293
0.0413013
0.0413013
0.763847
0.763847
0.763847
0.763847
1.15225
1.15225
-0.125665
-0.125665
0.178941
0.178941
-2.10981
-2.41335
-0.567037
1.32284
1.32284
1.00514
1.00514
-0.943149
0.860934
0.860934
0.860934
0.860934
0.860934
0.850226
0.850226
0.850226
-0.309367
-0.309367
-0.309367
-0.309367
-0.309367
-0.309367
-0.309367
-0.309367
-0.309367
0.30137
0.30137
0.120432
0.120432
0.120432
-0.117343
-0.85169
-0.85169
-0.85169
-0.85169
-1.18978
-0.730922
-0.730922
0.125488
0.125488
0.125488
0.125488
-0.970905
0.323777
0.323777
0.323777
0.323777
0.654028
0.654028
0.654028
-0.00651859
-0.696929
-0.696929
-0.533113
-2.17617
1.74811
1.74811
-0.920081
-0.920081
0.17182
0.17182
0.17182
-0.402989
-0.402989
-0.402989
-0.402989
-0.402989
1.12852
1.12852
1.12852
1.12852
1.12852
1.12852
1.12852
0.885305
0.885305
0.885305
0.885305
-2.70716
-2.70716
-0.164358
-1.67071
-1.67071
-1.67071
1.66003
-0.947284
-0.947284
-0.947284
0.83174
0.83174
0.83174
0.83174
0.83174
0.83174
0.83174
0.83174
-1.32871
-1.32871
-1.32871
-1.32871
-1.28051
-1.28051
-1.28051
0.244281
0.244281
0.244281
0.00817308
0.00817308
0.428061
-0.101572
-0.101572
-0.101572
-0.101572
-0.101572
-0.101572
-0.101572
-0.101572
-0.101572
-0.101572
-0.101572
-0.101572
-0.505912
0.655894
0.655894
0.655894
-0.0781182
0.0653721
0.0653721
0.0653721
0.451112
0.451112
0.451112
0.497996
0.497996
0.497996
-0.550531
-0.550531
-0.550531
0.832577
0.832577
0.832577
-0.680012
1.10732
1.10732
1.10732
-0.150741
-0.150741
-0.150741
0.330317
0.330317
0.330317
-0.480483
-0.480483
0.448995
0.448995
0.448995
0.448995
0.448995
0.448995
0.448995
0.448995
0.448995
0.448995
0.448995
0.448995
0.448995
0.448995
0.448995
0.448995
0.448995
0.448995
-0.388006
-0.388006
-0.388006
-0.388006
-0.388006
-0.61895
-0.61895
-0.61895
-0.61895
-0.61895
-0.61895
-0.61895
-0.250578
-0.250578
-0.250578
1.1368
1.1368
1.1368
1.1368
1.1368
-0.837414
-0.837414
-1.19253
-0.985334
0.366741
1.24268
-0.210527
-0.210527
-0.210527
-0.210527
-0.231678
-0.231678
-1.47108
-1.47108
-0.821733
-0.821733
-0.821733
-0.821733
-0.821733
0.291686
0.291686
0.291686
0.291686
0.291686
0.291686
0.291686
0.291686
0.291686
-0.0180605
-0.0180605
-0.0180605
-0.0180605
-1.00531
1.25133
1.25133
1.25133
1.25133
1.25133
0.961731
0.961731
0.729575
2.37833
2.37833
2.16332
-0.501762
-0.501762
-0.501762
-0.501762
-0.501762
-0.501762
-0.501762
-0.501762
0.17837
1.68508
1.68508
-0.890586
-0.503112
-0.503112
-0.503112
-0.328273
-0.328273
-0.328273
0.650069
-1.36548
-1.36548
1.9935
1.9935
1.9935
1.9935
1.9935
-0.420299
-0.420299
-0.420299
-0.420299
0.40499
0.40499
0.915003
0.915003
0.915003
0.221569
0.221569
0.577791
0.577791
0.577791
0.628185
0.0545924
0.316062
-0.529355
-0.529355
-0.529355
-0.575874
0.749466
0.749466
0.749466
0.64647
0.64647
0.64647
0.64647
-1.55234
1.57419
1.57419
0.0845668
0.0845668
0.302807
-0.947344
-0.0522545
-0.0522545
-0.0665594
-0.0665594
-0.0665594
-0.0665594
-0.0665594
-1.34853
0.868489
0.868489
-0.946463
-0.067712
-0.27371
-0.27371
-0.27371
-0.27371
-0.27371
-0.27371
-0.27371
-0.27371
0.633829
0.633829
0.0816038
0.0816038
0.0816038
0.0816038
0.0816038
0.0816038
0.0816038
0.0816038
0.0816038
0.0816038
-1.41102
-1.41102
1.17489
1.17489
-0.580413
-0.580413
-0.580413
1.09444
0.783307
-0.117488
-0.117488
-0.117488
-0.117488
-1.44358
-1.44358
-1.45457
-1.45457
-1.45457
-1.45457
-0.307745
-0.307745
-0.307745
-0.307745
-0.307745
-0.307745
-0.307745
-0.307745
-0.307745
1.3753
1.3753
1.3753
0.308487
-0.739815
1.87045
2.21945
2.21945
2.21945
2.21945
1.32293
0.173973
0.173973
0.110432
0.110432
0.205138
0.205138
0.205138
0.205138
0.205138
-3.42444
-1.9592
-1.9592
-1.9592
-1.9592
-1.9592
0.00754982
1.06022
0.79631
-0.35834
-0.35834
0.983033
0.983033
0.81621
-0.870596
-0.259056
-0.259056
1.26605
1.26605
0.93613
0.93613
0.93613
0.93613
0.248034
0.219627
0.219627
-0.52396
-0.52396
-0.52396
-2.14639
-2.14639
-1.66128
-1.66128
-1.88274
-0.848346
-0.848346
-2.21811
-2.21811
-1.02747
-1.02747
-1.02747
-1.02747
-1.02747
-1.91713
-1.91713
-1.91713
-1.91713
0.830143
0.830143
0.830143
0.830143
0.830143
1.02708
1.02708
1.02708
1.02708
-1.09966
-2.11547
-1.71505
-1.71505
-1.53218
0.746204
0.746204
-0.723065
-0.723065
-0.723065
-1.55658
-1.55658
0.281368
-0.341468
-0.341468
-0.341468
-0.522645
-0.522645
-0.522645
-0.522645
-0.522645
-0.522645
-0.522645
0.91423
0.91423
0.91423
0.91423
0.91423
0.91423
0.91423
0.91423
0.91423
1.29214
0.596536
0.596536
0.0953248
0.0953248
0.686326
-1.43073
-1.43073
-1.43073
-0.637656
-1.21549
-1.21549
0.187105
0.187105
0.187105
0.187105
0.187105
0.187105
0.152204
-1.17267
-1.17267
-1.17267
-0.347176
-0.347176
-1.03258
0.815453
0.815453
0.815453
-3.1291
0.253677
0.253677
0.253677
0.253677
0.253677
0.253677
0.253677
-1.10737
-1.10737
0.377065
0.705383
0.705383
1.90877
1.90877
1.90877
1.90877
2.04494
2.04494
-1.81762
-1.81762
-0.344524
-0.344524
-0.0100057
-0.0100057
-0.0100057
-0.0100057
-1.02508
-1.02508
-1.02508
-1.02508
0.657808
0.657808
0.657808
0.657808
0.657808
0.657808
0.657808
0.657808
0.657808
0.657808
0.657808
-1.44197
-1.44197
-1.44197
-1.44197
0.869719
0.869719
0.869719
-0.742685
-0.742685
-0.742685
-0.742685
-0.742685
-0.742685
-0.742685
-0.742685
-0.742685
-0.742685
-0.742685
-0.742685
-0.742685
-0.176147
1.75944
-1.74414
-2.18914
0.949438
0.949438
0.949438
0.949438
0.949438
0.969109
1.80288
0.268469
0.268469
0.268469
0.268469
0.268469
0.268469
0.268469
0.268469
0.268469
0.468685
-0.090298
-0.090298
-0.287395
-0.287395
-0.287395
1.84661
1.84661
1.84661
1.16557
-0.852452
-0.0827852
-0.0827852
-0.048955
1.86344
1.86344
1.86344
1.86344
1.86344
1.3824
1.3824
1.3824
1.19319
1.19319
1.19319
1.19319
-0.777194
0.604821
0.604821
-0.21101
-1.1465
-1.1465
-1.1465
-0.437262
-0.437262
