0.1
0.1
0.1
0.1
0.1
0.1
0.1
-1.25909
-1.25909
1.568
1.568
-0.400608
-0.400608
-0.400608
0.214274
0.214274
0.214274
0.214274
0.214274
0.214274
0.214274
0.727889
0.727889
-0.893592
-0.893592
-0.621853
-0.35289
-0.246083
-0.246083
-0.246083
-0.246083
-0.747231
1.4214
1.4214
1.4214
1.4214
1.4214
-2.44911
1.53979
1.53979
1.53979
1.53979
1.53979
-0.160103
-0.160103
-0.160103
-0.160103
1.39207
0.563085
0.232222
0.232222
0.232222
1.57445
1.57445
-1.67443
-1.67443
0.0323417
0.0323417
0.0323417
0.0323417
0.0323417
0.0323417
0.0323417
0.0323417
0.0323417
0.0323417
0.0323417
0.0323417
-0.0470698
-0.655795
-0.655795
-1.22936
-1.22936
-1.22936
1.07022
1.07022
-1.49468
-1.48024
-1.5515
-1.5515
-1.5515
-1.5515
0.692313
0.692313
0.692313
0.692313
0.692313
0.692313
0.692313
0.692313
0.692313
0.692313
-0.0883702
-0.0883702
0.662314
0.662314
-1.44048
-1.08777
0.478014
0.478014
0.478014
0.478014
0.478014
0.478014
0.63253
0.63253
0.63253
0.63253
-0.677162
-0.677162
-0.677162
-0.839509
-0.224934
-0.224934
-0.224934
-0.224934
-0.224934
-0.224934
-0.224934
-0.224934
-0.224934
-0.224934
-0.224934
-0.224934
-0.734138
1.53265
1.53265
1.33887
1.33887
-1.61445
-1.61445
-1.61445
-1.61445
-1.61445
1.52796
1.52796
1.52796
1.52796
1.52796
1.52796
1.52796
-0.256046
-0.351214
1.9178
1.71719
1.71719
1.4223
0.0840696
0.0840696
0.268079
0.268079
2.30377
2.30377
-0.201547
-0.201547
-0.201547
-0.61527
-0.61527
-0.61527
-1.15009
-1.15009
0.775486
1.88161
-1.1115
-1.07892
-1.07892
-0.814622
0.836819
0.836819
0.654672
-0.206268
-0.206268
-0.206268
-0.206268
-0.206268
-0.206268
-0.206268
-0.206268
-0.366825
-0.366825
-0.366825
-0.366825
-0.366825
-0.366825
-0.366825
1.10137
1.10137
1.08338
1.08338
1.08338
0.0650486
0.410559
-0.73822
0.264423
-0.310684
-1.20212
-1.20212
-1.28217
0.582488
0.582488
0.582488
-1.46036
-0.0498164
-0.0498164
-0.0498164
-0.0498164
-0.0498164
0.172845
0.115894
0.0747173
-0.338691
-0.338691
-0.338691
-0.338691
-0.338691
-0.338691
-0.741952
0.0801352
0.0801352
0.0801352
0.0801352
0.0801352
1.03657
1.03657
1.03657
1.03657
-0.372563
-0.372563
-0.372563
-0.390759
2.47673
2.47673
-1.22128
-1.22128
-0.134209
-0.134209
-0.134209
2.66477
2.66477
-0.908678
-0.422922
-0.422922
-0.422922
0.696722
0.696722
0.696722
0.696722
0.696722
1.59835
1.59835
-1.17255
-1.17255
-1.17255
0.205557
-0.350806
-0.350806
0.679384
0.679384
-1.19434
-1.19434
-1.19434
-0.44978
-0.44978
0.124229
-1.0176
-1.13561
-1.13561
-0.453432
-0.453432
0.487418
0.487418
-0.228871
-1.94333
0.893365
-0.250956
0.805507
-2.52879
-2.52879
-2.55478
1.27243
1.13248
-0.891264
-0.891264
-0.891264
-0.660496
-0.660496
-0.660496
-0.660496
0.256108
0.256108
-0.79482
-0.79482
-0.79482
-0.79482
-0.79482
-0.79482
1.83542
-0.603267
-0.603267
-0.603267
-0.603267
-0.603267
-0.603267
0.616786
0.616786
0.616786
0.616786
0.616786
0.616786
0.616786
0.616786
0.935599
-1.20181
-0.557874
-0.557874
-0.557874
0.358583
-1.43647
1.42759
1.42759
1.58423
1.58423
0.366768
0.366768
1.43316
-0.345749
-0.63872
0.953871
0.201461
0.201461
0.754252
0.754252
0.754252
0.754252
-0.0550548
-1.32358
-1.32358
-1.32358
-1.72086
-1.72086
-1.72086
1.55412
-0.330496
-0.545698
-0.545698
-0.545698
-0.139212
-0.139212
-0.139212
-0.139212
-0.139212
0.976076
0.976076
0.976076
0.976076
0.976076
-1.14777
-1.14777
1.29225
1.43236
1.43236
-0.521432
-0.521432
-0.521432
-0.211786
-0.211786
-0.211786
-0.211786
-0.211786
-0.211786
-0.994888
-0.994888
-1.64542
-1.64542
-0.41198
-0.216583
-0.216583
-0.216583
0.934304
-1.05436
-1.05436
-1.05436
-1.05436
-1.97986
0.364113
0.364113
0.364113
0.364113
0.364113
2.3046
0.973996
0.973996
-1.09385
-1.09385
0.203959
-0.945085
-0.945085
-1.89119
-1.89119
-1.89119
-1.89119
-0.531487
-0.531487
-0.362325
-0.362325
-0.362325
-0.441935
-0.100132
-0.100132
-0.100132
-0.100132
-0.100132
-0.100132
-0.100132
-0.313756
-0.313756
0.584405
0.584405
-1.92241
-1.92241
-1.92241
-1.92241
-1.92241
1.93842
1.51805
1.51805
1.51805
1.51805
-1.11047
1.52851
1.52851
1.51294
1.51294
1.51294
-0.216743
-0.216743
-0.216743
-0.216743
-0.0736659
-0.0736659
1.11765
-1.55501
1.65281
0.286501
-1.50756
-0.557312
2.25183
-1.7454
-1.7454
-1.7454
-0.7213
-0.7213
-0.7213
-0.7213
-0.553859
-0.990735
-0.990735
-0.849425
-0.849425
-0.849425
-0.849425
-0.849425
0.344219
0.344219
-1.05328
-1.05328
1.6553
1.6553
1.6553
1.44223
1.44223
1.44223
1.44223
1.44223
-1.21236
-1.21236
-1.21236
1.7397
1.7391
1.90262
1.90262
0.955113
0.955113
-0.147906
0.342619
0.342619
0.342619
0.342619
0.342619
0.342619
0.342619
-0.856882
-0.856882
-0.856882
-0.856882
-0.856882
-0.856882
-0.856882
-0.888727
0.214496
0.214496
0.214496
-0.475199
-0.175356
-0.175356
2.91532
0.76395
0.76395
0.76395
1.00919
-2.06658
-2.06658
-0.348403
-0.100752
-0.777992
0.345155
0.531821
0.531821
0.531821
-1.01124
-1.31575
-1.31575
-1.48826
1.75262
-0.205348
0.243813
0.243813
0.243813
-0.950845
-0.885513
-1.53336
-1.53336
-1.31003
1.72576
2.393
2.393
1.43333
1.43333
1.43333
-0.571597
-0.571597
0.655676
0.655676
0.655676
0.655676
0.655676
0.655676
0.655676
0.171741
1.12172
1.12172
1.12172
1.12172
-0.56846
-0.967835
-0.967835
-2.21872
-2.21872
-2.84106
-2.84106
-1.89925
-1.89925
-1.89925
-1.89925
1.57698
1.57698
-0.324267
-1.00439
-1.00439
-1.00439
-1.00439
-1.00439
-1.00439
0.7857
2.92927
1.92976
-0.451399
0.503268
0.503268
0.503268
0.503268
0.11934
0.11934
0.951207
1.51685
0.863129
0.863129
0.047042
-0.254287
-0.254287
-0.254287
0.673332
0.673332
0.673332
0.673332
0.673332
0.673332
0.518837
-0.935374
-0.664323
-0.664323
0.947323
0.947323
0.947323
-1.28311
-1.36696
-0.510776
0.943854
-0.330088
-0.330088
-0.330088
-0.330088
0.378924
0.378924
-0.713182
-0.713182
-0.713182
0.00154723
0.774983
-0.632181
-0.101562
-0.101562
-0.101562
-0.101562
-0.101562
2.56037
-0.998437
1.20293
1.20293
1.60794
1.60794
1.60794
1.60794
-0.746436
-0.746436
-0.746436
-0.746436
0.158385
0.158385
0.337414
-1.17912
-1.51564
-1.51564
-1.51564
0.805879
0.805879
0.805879
0.805879
-0.530166
-0.530166
-0.214839
-0.214839
-0.214839
-0.214839
-0.214839
-0.214839
-0.214839
-1.59108
-1.59108
1.64518
1.64518
1.64518
1.64518
2.07501
2.07501
2.62729
0.168231
0.168231
-0.0359285
-0.0359285
-0.0359285
-0.0359285
-0.0359285
-0.0359285
-0.0359285
-0.0359285
2.41334
2.05441
2.54698
0.134144
0.134144
0.134144
0.134144
0.134144
-1.18257
-0.514168
-0.514168
-0.514168
-0.514168
-0.514168
-0.415298
-0.457575
-0.457575
-0.457575
-0.457575
-0.457575
-0.457575
0.800118
0.819104
0.819104
0.819104
0.819104
0.819104
0.819104
2.42399
2.42399
1.53157
1.53157
-0.925966
0.8855
0.8855
0.8855
0.8855
-1.02368
-1.02368
-1.54527
-1.54527
-1.54527
-1.54527
-0.0619999
-0.0619999
-0.0619999
-0.0619999
-0.0619999
-0.41082
-0.41082
-0.41082
0.816906
0.0529182
0.0529182
0.0529182
0.0529182
0.0529182
-0.0979286
1.36244
1.58504
1.58504
1.58504
1.8856
-0.944537
-0.944537
-1.03383
-1.03383
-1.03383
-1.03383
-1.03383
-1.03383
-1.08292
-1.08292
-1.08292
-1.08292
1.29517
0.592958
0.592958
0.592958
0.592958
-0.75117
-1.42618
-0.82694
-0.82694
-0.82694
-0.82694
0.208263
-0.0284209
-0.0284209
-1.89305
-1.89305
0.326068
0.326068
0.326068
0.326068
0.675647
0.675647
0.675647
0.675647
-1.89687
-1.89687
1.90971
2.0912
-0.777194
-0.777194
-1.15818
-1.37773
1.92283
-1.87129
-1.87129
-1.25028
-1.25028
-1.25028
-1.25028
-1.25028
0.951429
0.951429
0.951429
0.951429
0.639896
0.639896
0.639896
0.639896
0.639896
-0.532252
0.777347
0.777347
0.777347
0.777347
0.777347
0.777347
0.777347
0.777347
0.777347
0.777347
0.777347
0.777347
0.777347
0.777347
0.777347
0.777347
0.777347
0.777347
0.777347
0.777347
0.777347
0.777347
-1.00502
1.56253
-1.50086
0.0447246
0.0447246
-1.35506
-0.717619
-0.717619
-0.717619
0.531581
0.531581
0.531581
0.531581
0.0233734
0.0233734
0.0233734
0.0233734
0.0233734
0.0233734
-0.472603
-0.472603
-0.472603
-0.472603
-0.472603
-0.472603
-0.472603
-0.472603
-0.472603
-0.472603
-0.472603
0.00361895
0.390507
0.390507
-0.575568
-0.575568
-0.575568
-0.575568
-0.575568
-0.575568
-0.575568
-2.30105
1.49762
1.49762
1.49762
1.09639
1.09639
1.09639
1.09639
-2.30116
-0.362717
-0.362717
-0.362717
-0.362717
-0.362717
-0.362717
-0.362717
0.490746
0.490746
0.0153372
0.0153372
0.0153372
0.156434
-0.193718
-0.193718
-0.193718
-0.193718
-0.193718
-0.890828
1.28602
2.47092
0.187493
0.187493
0.187493
1.29879
0.49665
0.49665
0.49665
0.49665
0.49665
0.49665
0.49665
-1.56243
-2.06602
-0.294225
-0.294225
-0.294225
-1.53601
-0.496912
0.788933
0.788933
0.788933
0.788933
-0.911767
-1.76167
-1.76167
-1.76167
-0.885445
-0.885445
-0.885445
-0.885445
1.0515
1.0515
-0.0628437
-0.0628437
-0.0628437
-0.157681
-0.157681
-0.157681
2.05486
2.05486
0.428134
0.428134
0.428134
0.428134
0.428134
-0.0283865
-0.0283865
-0.0283865
-0.0283865
1.44983
1.44983
1.44983
1.49656
0.629649
2.41995
-0.443568
-0.443568
-0.443568
0.151476
0.151476
0.151476
0.151476
0.151476
0.151476
0.151476
0.151476
-0.792942
-0.792942
-0.792942
-0.792942
-0.792942
-0.792942
-0.792942
-0.792942
-0.428219
-1.22078
-1.22078
-0.318569
-0.956479
-0.956479
-0.547624
-0.547624
-0.547624
-0.547624
-0.547624
-1.17173
1.62263
0.560324
0.560324
1.65738
1.4382
-0.198437
-0.198437
-0.198437
-1.54594
-1.54594
-1.54594
0.395311
0.395311
0.395311
1.05254
1.05254
-0.571983
-0.571983
0.313389
0.313389
0.313389
