0.1
0.1
0.290604
0.290604
0.290604
-0.494728
-0.494728
0.668255
0.668255
0.668255
0.668255
0.668255
0.579032
0.579032
-1.50606
-1.50606
-1.50606
-1.12675
-1.12675
-1.52219
-1.52219
-0.787282
-0.787282
-0.787282
1.79849
0.470565
-0.909673
-0.909673
-0.909673
-0.909673
-2.02413
1.5447
1.5447
1.5447
1.5447
1.5447
1.5447
-0.426217
-0.426217
-0.426217
-0.426217
-0.426217
-0.426217
0.394458
0.394458
-1.59747
-1.59747
-1.59747
0.934886
0.934886
1.54685
-0.102646
-0.102646
-0.649163
-0.649163
-0.649163
1.31676
1.31676
1.31676
-0.35837
0.83912
0.83912
-0.531698
-0.4998
-0.4998
0.957494
0.621002
0.621002
0.621002
0.621002
0.621002
0.621002
0.621002
0.478033
-1.29655
0.457736
0.457736
0.457736
0.457736
-0.122701
-0.122701
-0.784951
-0.784951
-0.784951
-0.784951
-0.784951
-0.114581
-0.114581
-0.114581
-0.756329
-0.263345
-0.263345
-0.263345
-0.263345
-0.263345
0.0959515
0.0959515
0.0959515
0.0959515
0.0959515
0.0959515
0.0959515
0.0959515
0.0959515
0.0959515
0.0959515
0.0959515
0.0959515
0.0959515
0.0959515
0.0959515
0.0959515
0.0959515
-0.0404983
0.459438
0.459438
0.459438
0.459438
2.08223
2.08223
2.08223
0.566158
0.566158
0.496638
0.496638
0.496638
1.23665
-0.514922
1.31911
1.31911
0.585497
0.585497
0.585497
1.00611
0.973388
0.411254
0.411254
0.411254
0.411254
0.411254
0.411254
0.411254
0.411254
0.411254
0.411254
0.411254
-0.740394
-0.740394
-0.740394
-0.740394
1.0077
1.0077
2.56812
2.56812
2.56812
0.223086
0.223086
0.223086
0.223086
1.57877
1.50481
0.603254
0.603254
0.603254
0.603254
1.0724
1.0724
1.0724
1.0724
0.0735888
-0.0777526
-0.0777526
-0.0777526
-0.227373
-0.227373
-0.227373
-1.13522
-1.01974
-1.01974
-1.01974
-1.01974
-1.01974
-1.01974
-1.01974
-0.71037
-0.71037
-0.71037
0.211973
-0.00556263
-0.00556263
-0.57786
-0.57786
1.15719
1.15719
1.15719
-0.68403
-0.68403
1.7493
0.504465
-1.71813
0.937265
0.937265
0.937265
1.24785
-1.38151
-1.60261
-1.60261
0.602825
-1.31772
-0.124008
-0.124008
-0.124008
-0.124008
-0.124008
-1.15846
1.80475
-1.32923
-1.32923
-1.32923
-0.236362
-0.236362
-0.190812
-0.190812
1.48855
0.512099
0.512099
0.512099
0.512099
0.538555
0.538555
0.194514
0.194514
0.194514
0.194514
0.194514
0.933331
0.933331
0.933331
-0.738563
-0.738563
-1.8497
1.76732
1.76732
1.39858
1.39858
1.39858
1.693
1.693
1.693
-0.624436
0.3559
0.808965
0.808965
-0.0340815
-0.0340815
0.595685
0.595685
0.595685
0.595685
0.0427899
0.0427899
-0.970672
-0.896543
0.436764
0.362421
0.0975047
0.0975047
0.0975047
0.23256
0.23256
0.23256
-0.156648
-0.156648
-0.156648
-0.156648
-0.337868
-0.337868
-0.337868
1.71239
1.71239
-0.324589
-0.324589
-1.19865
1.45151
1.45151
0.169943
2.3082
-0.760463
0.133
0.133
0.133
0.133
0.133
0.133
0.133
0.133
0.133
0.133
-0.0328925
-0.0328925
-0.0328925
-0.0328925
-0.0328925
-0.0328925
-0.0328925
0.374024
0.374024
0.374024
0.374024
0.374024
0.374024
0.374024
0.374024
0.374024
0.943993
-1.43659
-1.43659
-1.43659
-1.1339
-0.10688
-1.92469
-1.92469
-1.81278
1.60675
1.60675
1.60675
2.76848
2.76848
2.76848
2.76848
2.76848
-1.07856
0.169143
-0.911868
-0.911868
-0.911868
-0.911868
-0.911868
-0.911868
-0.911868
-0.911868
-0.911868
-0.911868
-0.911868
-0.911868
1.63622
1.63622
1.63622
1.63622
1.4531
0.549196
0.549196
0.549196
-0.598576
0.194798
0.194798
0.194798
0.0516442
0.908025
-1.37916
-1.37916
0.30558
0.30558
0.30558
0.30558
0.404298
0.753433
0.753433
0.753433
0.753433
0.753433
0.753433
0.753433
0.753433
0.753433
-0.727679
-1.61499
1.0001
-0.413603
-0.413603
-0.413603
-0.413603
-0.413603
-0.413603
-0.413603
-0.413603
-0.413603
-0.058145
0.930789
0.930789
0.00722501
0.00722501
-0.539173
-0.539173
-0.539173
0.526623
0.526623
0.573682
0.573682
-0.0911161
-0.0911161
0.719949
0.719949
0.719949
0.719949
2.27425
0.863947
0.863947
2.05973
1.71821
1.71821
1.71821
1.71821
-0.952892
-0.952892
-0.952892
-0.952892
-0.743331
-0.578493
-0.578493
0.637176
0.637176
0.637176
0.637176
-0.326296
-0.326296
-0.326296
-0.326296
0.163755
-0.00154892
-0.00154892
-0.00154892
-0.00154892
-0.00154892
-0.00154892
-0.00154892
-0.00154892
-0.00154892
-0.00154892
-0.00154892
-0.00154892
-0.00154892
1.23885
1.23885
-2.51679
-1.0542
-1.0542
0.704798
-0.810219
-0.779238
-0.779238
-0.779238
0.399411
0.399411
0.332133
0.332133
0.332133
0.332133
1.63122
1.63122
1.63122
1.63122
1.63122
1.63122
-1.5656
-0.616635
-0.616635
0.704771
0.704771
0.704771
-0.716119
2.52738
2.37021
2.36935
2.84798
2.23992
-0.274065
-0.53873
-0.53873
-0.53873
-0.53873
-0.53873
-0.53873
-0.53873
-0.53873
-0.53873
1.06323
0.772578
1.74697
-0.596602
-0.596602
-0.596602
-0.596602
-0.596602
-0.596602
-0.596602
-0.596602
-0.596602
-0.596602
-1.84495
-1.68565
-1.68565
-1.68565
-0.608797
-0.608797
-0.608797
-0.608797
-0.608797
-0.608797
-0.608797
0.0269603
1.2978
1.2978
-1.325
-1.325
-0.635448
-0.635448
-0.635448
0.322142
0.322142
-0.054325
-0.054325
-0.054325
-0.054325
0.498235
0.498235
0.498235
-0.0482791
-0.415298
-0.730497
0.455511
0.455511
-0.96
-0.96
0.209191
0.209191
0.209191
0.209191
0.209191
0.209191
0.209191
0.209191
0.209191
0.209191
0.209191
0.209191
0.209191
0.209191
-1.57559
0.1334
-0.661603
-0.661603
0.484741
-0.269788
-0.269788
-0.269788
0.194661
0.194661
0.194661
0.194661
0.194661
0.194661
0.194661
0.215873
0.216034
0.513723
0.513723
2.85345
2.85345
2.85203
0.564806
1.06428
1.06428
1.06428
-1.13844
-1.13844
-0.81099
-0.655939
-0.655939
-0.655939
-0.655939
-1.56006
-1.56006
-1.95547
1.97835
1.97835
-0.688288
-0.688288
-0.688288
1.79213
0.230083
0.230083
-1.20138
-1.20138
0.0105476
0.0105476
0.296047
0.296047
0.296047
0.296047
0.296047
0.296047
0.296047
0.296047
0.296047
-0.593862
-0.593862
-1.03887
1.57512
0.127931
0.612539
0.612539
-0.868881
-0.868881
-0.297234
-0.297234
-0.376134
0.759094
-0.138269
-0.138269
-0.138269
-0.355037
-0.355037
-0.244703
-1.17802
0.53786
0.53786
0.53786
0.53786
0.53786
0.53786
0.53786
0.53786
0.53786
-1.15924
-1.15924
-1.15924
-1.15924
-1.15924
1.08093
1.08093
-2.53431
-0.755422
-0.755422
-0.755422
0.291705
0.775127
0.775127
0.775127
0.775127
0.775127
0.775127
0.775127
0.847737
1.43453
1.43453
-0.801685
1.3314
1.44749
1.44749
0.587251
0.587251
0.587251
0.197853
0.197853
-1.82215
-0.364994
-0.364994
-0.364994
1.31502
1.31502
0.314421
0.314421
0.314421
0.314421
0.314421
0.314421
0.314421
0.107081
0.107081
0.107081
0.107081
1.28077
-1.9602
-2.23125
0.426694
-1.90684
-1.90684
1.12753
1.12753
0.793972
0.0874912
0.0874912
0.0874912
0.0874912
0.0874912
0.0874912
0.0874912
0.506663
0.467986
0.467986
0.467986
0.467986
0.467986
-0.266577
-0.266577
-0.266577
0.605457
0.605457
0.605457
0.605457
0.605457
0.605457
0.605457
0.605457
0.605457
0.51808
-1.78683
-0.176643
-0.176643
-0.176643
-0.176643
-0.176643
-0.176643
0.496202
0.800297
0.041325
-0.935086
1.13066
1.13066
1.13066
1.13066
1.13066
-0.713761
-0.713761
-0.713761
1.66191
-1.86412
-2.06954
1.25907
1.25907
1.25907
1.25907
1.25907
0.747012
0.747012
-2.01854
-2.01854
-2.01854
-2.01854
-2.01854
-2.01854
-1.47075
-1.47075
0.884836
-0.404112
-0.404112
-0.404112
-0.404112
0.113152
0.113152
0.113152
0.113152
1.9051
1.44862
1.14042
1.38606
-2.49198
-2.84852
-2.96647
-0.124356
-0.124356
-0.124356
-0.677754
-0.677754
-0.677754
-0.677754
-0.677754
-1.76545
1.92858
0.975054
0.733981
1.79319
1.89282
1.4533
0.726282
0.726282
-1.17034
1.06009
1.06009
1.06009
1.06009
1.06009
1.06009
0.144425
0.144425
-1.44358
0.499154
0.499154
0.499154
0.100907
0.100907
0.100907
0.100907
-0.361025
-0.361025
-0.755935
-0.755935
0.567517
0.567517
0.567517
0.567517
0.567517
-0.404115
-0.404115
0.384031
0.384031
0.384031
0.384031
-1.94328
0.602986
0.602986
0.0134166
0.0134166
0.180665
0.180665
0.871414
0.867923
0.867923
0.867923
0.867923
0.867923
0.867923
0.867923
0.867923
-0.213795
-0.213795
2.05745
2.05745
-0.0998022
1.41404
-0.175565
-0.175565
0.938663
0.938663
0.681498
0.681498
0.681498
0.681498
-0.77017
-0.77017
-0.113777
1.13918
-0.188065
-0.188065
-0.188065
-0.188065
-0.188065
-0.188065
-0.188065
-0.188065
-0.188065
-0.188065
-1.85787
-1.85787
-1.85787
-1.85787
-0.500503
-0.500503
-0.500503
0.0451277
0.0451277
-0.168016
-0.168016
-0.168016
-0.168016
1.44881
1.44881
1.44881
1.44881
1.44881
-0.209887
-0.102079
-0.102079
-0.102079
-0.102079
-0.102079
-0.102079
-0.102079
0.718965
0.718965
0.718965
0.718965
0.555042
0.555042
0.555042
0.555042
0.555042
0.555042
0.555042
0.555042
0.403373
0.403373
0.403373
-0.707091
-0.707091
-0.707091
-0.707091
-0.707091
-0.707091
-0.707091
-0.707091
1.41251
1.41251
1.41251
1.41251
1.41251
1.81845
1.81845
0.558266
0.558266
-0.362333
-0.362333
-0.362333
-1.90901
-1.90901
1.2639
-0.88348
-0.88348
-0.88348
-0.71361
-1.49341
-1.49341
-0.981693
-0.981693
1.42874
0.212117
0.212117
0.212117
0.212117
-1.29662
-1.29662
0.983153
0.983153
-0.0170335
-0.0170335
-1.00729
-1.00729
-1.16962
-1.12523
-1.0227
-1.0227
-1.07804
-1.07804
-1.07804
-1.07804
-1.07804
-0.406699
-0.406699
0.431452
0.431452
0.874137
-1.08484
0.959357
-1.40768
-1.2003
-0.656883
-0.0354689
-0.0354689
-1.26459
-1.26459
0.654853
0.247458
-0.70805
-0.70805
-0.70805
-0.70805
0.204319
0.567765
0.567765
1.61293
1.34484
2.35603
0.432672
0.432672
-1.24751
-2.55481
-2.55481
-2.55481
-2.40372
-0.252926
0.856638
0.856638
0.472709
1.45121
-1.31757
-1.31757
-1.70533
-0.388865
-0.388865
