0.1
1.43619
2.19698
2.19698
-1.04181
-1.04181
-1.04181
-1.04181
-1.04181
-0.929593
-0.0166447
-0.0166447
-0.0166447
-0.0166447
-0.0166447
0.0101768
0.601574
1.23827
1.23827
1.23827
1.48465
1.48465
-0.158972
-0.158972
-0.158972
-0.602752
-0.602752
-0.602752
-0.787961
-0.787961
-0.787961
-0.787961
-0.787961
-0.787961
-2.3853
-2.3853
-2.3853
-2.3853
1.40312
1.40312
-0.921974
0.560691
0.169419
0.169419
-1.85889
-1.85889
-1.85889
0.0501479
0.0501479
0.0501479
0.0501479
0.0501479
0.0501479
0.0501479
0.11757
0.11757
1.73186
1.84433
0.0392134
0.0392134
0.0392134
0.0392134
0.0392134
0.458622
-0.313922
-1.41791
-1.41791
-0.356441
-1.15793
-1.15793
1.40625
-1.6227
-1.6227
-0.995306
-0.995306
-0.995306
-0.995306
-1.44154
0.526173
0.526173
0.526173
-2.46697
-0.433935
-0.433935
-0.433935
-0.433935
-0.433935
-0.433935
0.148608
0.526057
0.526057
0.00574072
-0.0646172
-0.0646172
-0.0646172
-0.856077
1.08941
1.08941
1.08941
0.209873
0.571917
0.571917
0.571917
-0.0908103
-1.38563
-0.340744
-0.340744
-0.340744
-0.340744
-0.340744
-0.340744
-0.340744
-0.340744
-0.340744
-0.377337
-0.377337
-0.377337
-1.63451
-1.63451
1.17152
1.17152
-0.466345
0.181993
0.181993
-1.47206
-1.47206
1.0776
1.0776
1.0776
1.0776
1.0776
-1.33678
-0.572684
-0.572684
-0.572684
-0.572684
-0.572684
-0.572684
-1.11219
-1.11219
1.48121
1.03917
0.510869
0.510869
0.838998
0.838998
-0.608214
0.357664
0.357664
0.357664
0.357664
-0.303271
-0.473522
0.392441
0.392441
0.392441
0.392441
0.392441
0.0848201
0.0848201
0.0848201
0.0848201
0.0848201
-0.38251
-0.38251
-0.38251
-0.38251
-0.38251
0.66904
0.927825
0.927825
0.927825
0.927825
0.927825
0.927825
-0.170361
-0.170361
-0.170361
-0.170361
-1.12708
-1.12708
-1.12708
-1.12708
-1.12708
0.729947
0.729947
1.46921
0.337432
0.337432
0.595712
0.595712
-1.67601
-1.71617
-1.71617
-1.71617
-1.0332
-1.0332
-1.0332
-1.0332
-0.00868002
-0.00868002
-0.00868002
-0.00868002
-0.764155
-0.467996
-0.467996
-0.467996
0.841349
-0.101918
-0.701654
-0.701654
1.21539
1.21539
1.03689
0.440792
0.440792
0.440792
0.440792
0.496993
0.496993
0.496993
0.496993
0.496993
0.496993
0.503248
0.503248
0.503248
0.503248
0.503248
-0.29483
-0.29483
1.14297
1.14297
1.14297
1.14297
1.14297
1.14297
0.026023
-0.338749
-0.338749
-0.338749
-0.338749
-0.338749
-0.338749
-0.338749
-0.338749
-0.523087
-0.523087
-0.523087
-0.523087
-0.523087
-0.305018
-0.305018
-0.305018
-1.72
-1.72
-1.72
0.861731
0.861731
0.861731
1.15341
0.480302
0.480302
0.480302
0.480302
0.86432
-0.504338
-0.504338
-0.504338
0.154257
1.2566
0.253135
0.253135
0.253135
0.253135
0.253135
0.0303463
0.0303463
0.0303463
0.0303463
0.0303463
0.0303463
1.12185
-1.30153
-1.30153
-1.30153
-1.30153
-1.30153
-1.30153
-1.30153
-1.30153
-1.30153
-1.30153
-1.30153
-1.30153
1.34733
0.277589
0.277589
1.59709
1.59709
1.33257
1.33257
-0.13917
-0.041655
-0.041655
-0.041655
-0.041655
-0.041655
-0.041655
-0.041655
-0.041655
-0.041655
-0.147153
0.214957
0.214957
-1.70845
1.61178
0.653453
-0.245649
0.192846
-0.51315
-0.51315
-0.51315
-0.51315
-0.51315
-0.51315
-0.847513
-0.847513
-1.03272
-1.03272
-1.03272
-1.03272
-1.38727
-1.32135
-1.32135
-0.920883
-0.920883
0.559272
0.559272
0.559272
0.559272
0.559272
0.559272
1.40769
1.40769
1.40769
0.0363175
-1.96838
-1.96838
-2.29978
-2.29978
1.53617
1.50126
1.50126
1.50126
0.60686
0.60686
0.60686
0.60686
0.60686
0.834831
1.8653
-0.0298222
-0.0298222
-0.0298222
0.223687
0.223687
0.121776
0.121776
0.121776
-1.98921
-1.02887
-1.02887
-1.02887
1.66237
1.66237
-1.26623
-0.718433
-0.718433
-0.718433
-0.718433
-0.231201
-2.30129
0.803396
0.803396
0.803396
0.803396
0.654911
0.654911
0.654911
0.654911
0.654911
1.33119
-0.526894
1.88607
1.88607
1.88607
1.88607
1.88607
1.88607
1.88607
1.88607
-0.764998
2.12108
-1.62647
-1.62647
-0.654259
-0.654259
-1.63282
-1.68401
-1.68401
1.96521
-0.679914
1.34794
1.34794
-0.857312
-0.857312
0.385459
0.385459
0.688162
0.688162
0.688162
0.688162
-0.199372
-0.199372
-0.199372
-0.199372
-0.537271
-0.537271
-0.537271
-0.404095
-0.404095
0.788636
2.04082
-0.598229
1.2329
1.2329
1.2329
1.2329
1.2329
1.2329
2.13358
2.13358
2.13358
0.541717
-0.586352
-0.586352
-0.586352
-0.586352
-0.586352
-0.586352
-0.586352
-0.586352
-0.586352
-1.69634
-1.69634
-1.69634
-1.20007
-1.20007
0.34297
0.34297
0.166435
-2.31301
-2.31301
-2.31301
-1.26204
-1.26204
-1.26204
-1.26204
-0.415852
-0.415852
-0.415852
-0.415852
-0.415852
-0.0939924
1.94684
-0.734674
0.17244
1.26477
1.26477
1.26477
1.26477
-1.36678
-1.36678
0.850674
-1.10032
-0.531553
-0.531553
1.61455
1.63252
1.63252
0.525059
0.525059
0.525059
0.525059
0.525059
0.525059
0.525059
0.525059
0.525059
0.525059
0.525059
1.31477
-1.54447
0.720807
1.9685
1.9685
1.9685
1.2766
1.19998
1.19998
1.19998
0.665266
0.665266
1.05417
-1.91216
-1.91216
0.252361
0.252361
0.428562
0.428562
0.406601
0.406601
1.25355
1.25355
0.424792
-1.78635
-1.31414
-1.31414
0.766485
0.766485
0.766485
-1.03536
-1.03536
-1.03536
-1.03536
-0.322963
-0.322963
-0.322963
-0.322963
-0.322963
-0.322963
-0.251173
-0.251173
-0.251173
0.248336
1.01774
1.01774
1.01774
0.201854
0.201854
0.535828
0.535828
1.78006
1.78006
-1.85248
-1.85248
-1.85248
-1.87451
-1.99477
-1.99477
0.568764
0.568764
0.322273
0.322273
0.322273
0.322273
0.322273
0.322273
0.950561
0.774939
-0.532309
-0.532309
-0.532309
-0.148891
-2.3687
0.531856
-1.38405
-1.38405
-1.38405
-1.38405
-1.20813
-1.20813
-1.20813
-0.86961
-0.86961
-0.86961
-0.86961
-0.86961
0.010228
0.010228
0.010228
-0.113891
-0.113891
-1.35969
-1.35969
-1.35969
-0.356226
-0.356226
-0.356226
-0.356226
-0.356226
-0.356226
-0.356226
-0.356226
-0.356226
-0.356226
-0.356226
-0.356226
-0.503135
-0.878808
-0.878808
-0.878808
-0.870011
-0.0851094
0.461022
0.461022
0.461022
0.461022
0.461022
0.461022
0.461022
0.461022
-0.543912
-1.38981
-0.277624
-0.277624
-0.277624
-0.518569
-0.518569
-0.518569
-1.0022
0.00720546
0.00720546
0.00720546
0.00720546
0.00720546
0.00720546
-0.0795396
-0.651376
-0.651376
-0.651376
-0.651376
-0.651376
-0.651376
-0.415536
-0.415536
0.348481
0.348481
0.348481
-0.0763021
-1.27254
2.08903
0.796948
-0.891319
-0.301699
-0.301699
0.319081
0.319081
0.319081
0.319081
0.319081
0.319081
0.319081
0.989227
-0.829099
-0.407477
0.501339
0.501339
1.11474
1.11474
1.11474
0.186353
-1.3286
-1.3286
-0.237452
-1.06807
-1.44615
0.204488
0.204488
1.4757
1.96991
2.03582
-1.35251
-1.57623
0.327606
0.327606
0.327606
-1.7158
1.64674
1.64674
1.64674
1.64674
1.64674
1.64674
-0.7922
0.525177
0.525177
-0.426655
-0.426655
-0.426655
-0.426655
-0.426655
-0.330721
-0.330721
-0.330721
-0.330721
-0.330721
-0.330721
-0.330721
0.489632
-0.678321
0.369793
0.369793
0.369793
0.369793
0.157152
0.895241
-1.07735
0.737215
-1.1709
1.89167
1.89167
-1.83626
-0.848485
-0.848485
-0.848485
-0.848485
-0.848485
-0.848485
-0.181419
-1.51792
0.941523
-1.28206
0.661274
1.55526
-0.475486
-0.475486
-0.696844
-0.696844
-0.696844
-0.696844
-0.696844
-0.696844
-0.803693
-0.803693
-0.616247
-0.616247
-0.616247
-0.616247
-0.420029
0.158853
0.158853
-0.420022
-0.420022
-0.420022
-0.420022
-0.420022
-0.420022
-0.420022
-0.420022
-0.420022
-0.420022
-0.420022
-0.420022
-0.420022
-0.296784
-1.39855
-0.875858
-0.875858
-0.86409
-0.311921
-0.311921
-0.311921
-0.102109
-0.102109
-0.102109
0.294116
0.294116
0.294116
-0.461956
-0.461956
-0.461956
-0.461956
0.586864
0.586864
1.24232
1.24232
1.24232
1.24232
1.24232
-0.539845
-0.539845
-0.539845
-0.168402
-0.168402
-0.168402
-0.168402
0.162068
0.162068
1.39405
1.39405
1.51951
1.13507
1.13507
1.13507
1.13507
-1.13991
-1.13991
-1.13991
-1.13991
-1.13991
-1.13991
0.803276
-0.540984
-0.540984
-0.540984
-0.540984
-0.540984
-0.540984
-0.540984
-0.251766
-0.28096
-0.28096
-0.28096
0.216355
0.216355
0.216355
0.216355
0.216355
1.86241
1.86241
-1.89087
1.70498
1.16683
1.16683
1.45453
0.0517533
0.0517533
0.0517533
0.0517533
0.0517533
0.0517533
0.0517533
0.0517533
0.0517533
0.0517533
0.281567
0.174779
0.174779
0.021862
0.021862
0.021862
0.021862
0.021862
0.021862
0.34052
0.701229
-1.82343
1.77014
1.77014
-1.98482
-2.2445
-2.2445
-2.2445
-2.2445
-2.2445
-2.2445
-1.50334
-1.50334
-1.50334
0.211132
0.211132
0.211132
0.211132
0.890889
0.890889
0.890889
0.890889
0.890889
0.890889
0.890889
0.890889
0.890889
0.890889
0.890889
0.890889
0.890889
0.890889
0.890889
0.890889
0.890889
0.857446
0.295554
0.295554
-0.211946
-0.821371
0.0112663
0.0112663
0.523991
0.523991
0.58934
0.58934
0.58934
1.94085
1.94085
0.738824
0.738824
1.58363
-1.5156
-0.145451
-0.39026
-0.39026
-0.39026
-0.39026
-0.39026
-0.39026
-0.39026
-0.39026
-0.39026
-0.39026
0.869596
0.869596
0.869596
0.869596
-1.75677
-1.75677
1.91994
1.91994
1.4974
0.790773
0.270748
0.270748
-0.576263
0.716761
0.675003
0.11547
0.11547
0.11547
0.11547
0.11547
-0.382695
-0.600724
0.179888
0.179888
0.179888
0.179888
0.179888
1.04331
0.0653757
0.0653757
0.0653757
0.0653757
0.0653757
0.0653757
0.314084
0.314084
0.314084
0.314084
0.314084
0.314084
0.314084
0.39967
0.39967
0.39967
0.39967
0.39967
0.39967
0.538616
0.538616
-1.95232
-1.95232
1.62007
1.62007
1.62007
-2.0701
-2.0701
-2.0701
-2.0701
-2.0701
-2.0701
-2.0701
1.0224
-1.21145
-1.21145
-1.21145
-1.21145
-0.946916
-0.946916
0.534576
0.534576
0.534576
1.5956
1.07393
1.07393
1.07393
1.07393
1.07393
1.07393
1.07393
