0.1
0.1
0.1
0.1
-0.0941486
-0.0941486
-0.0941486
-0.0941486
-0.0941486
-0.872329
-0.872329
-0.970894
1.28881
1.44766
1.44766
-0.639619
-0.639619
-0.639619
-0.324336
-0.324336
-0.324336
-0.324336
-0.135719
-0.135719
-0.135719
-0.135719
1.30682
1.82288
1.82288
-1.58675
-1.58675
1.22133
1.22133
1.22133
1.27905
-1.39489
-1.39489
2.05006
-0.142502
-0.142502
1.10841
-0.384725
-0.384725
-0.0601052
-0.0601052
-1.31524
-1.47344
-1.47344
-0.812889
-1.45473
1.74228
1.74228
0.362612
0.362612
0.285974
0.285974
-1.2482
-1.38047
-1.38047
-1.08788
0.019474
0.019474
0.019474
0.019474
0.019474
0.019474
0.019474
1.1028
1.1028
1.1028
0.903384
0.903384
0.903384
0.903384
0.903384
0.903384
0.903384
1.33944
0.738898
0.738898
0.738898
0.738898
0.738898
0.738898
-1.12357
-0.0193334
-0.0193334
-1.01523
-1.01523
-1.01523
0.544911
1.83713
-0.234546
0.0218733
-0.0889615
-0.0889615
-0.0889615
-0.0889615
-0.0889615
1.81142
1.81142
1.81142
1.79926
1.99744
-1.95439
1.32183
1.32183
1.32183
1.32183
1.32183
1.16644
1.16644
1.16644
1.16644
-2.11417
-2.11417
0.201029
0.201029
0.330206
0.330206
-0.166691
0.212412
-1.07934
-1.07934
-1.07934
-1.07934
-0.584871
-0.584871
-0.584871
0.293118
0.293118
0.293118
0.293118
0.405148
0.405148
-0.304321
-0.304321
-0.304321
-1.15
-1.15
-1.15
-1.00888
-1.00888
-1.00888
-1.00888
0.933341
0.933341
0.933341
0.933341
0.933341
-0.779953
0.933204
-0.260895
-0.260895
-0.260895
0.0427257
1.03548
1.03548
1.03548
-2.94452
-2.94452
-2.94452
-2.94452
0.109805
-0.0469606
-0.0469606
-1.54785
2.41623
2.41623
1.52284
-1.38507
-1.38507
-0.946234
-0.946234
-0.946234
1.49142
-0.407669
-0.407669
-0.407669
-0.407669
-0.407669
0.817436
-1.2081
-0.430033
-0.430033
-0.430033
0.613614
0.101865
0.101865
0.0271826
0.35081
0.35081
0.35081
0.35081
0.35081
-0.663384
-0.663384
0.0637459
0.0637459
0.0637459
0.0637459
0.0637459
0.0637459
0.0637459
0.0637459
0.0637459
-0.870102
-0.870102
-0.870102
-0.870102
-0.959697
-0.959697
-0.959697
-0.959697
-0.959697
-0.959697
-0.959697
0.226726
0.226726
-0.0978131
0.688255
0.688255
-1.01893
-1.01893
-1.01893
-1.01893
-1.01893
-0.928077
-0.928077
-0.928077
-1.01418
-0.676218
-0.245821
-0.245821
-0.245821
-1.01511
0.465748
-0.28727
-0.28727
-0.384677
-0.384677
0.0718685
0.0718685
-1.13199
-0.134453
-0.134453
-0.134453
-0.134453
-0.134453
-0.134453
-0.134453
-0.134453
-0.134453
1.2046
1.2046
-1.20192
-0.434543
-0.434543
-0.434543
-0.434543
-0.434543
-1.04812
-0.732212
-0.732212
-0.732212
-0.985474
0.265228
0.265228
0.265228
0.318016
0.318016
0.318016
0.318016
0.318016
0.0481499
0.0481499
-0.843456
0.181035
0.181035
-0.376704
-0.376704
-0.376704
-0.376704
-0.376704
-0.376704
-0.376704
1.24225
-0.0445884
-0.0445884
-0.0445884
-0.0445884
-0.0445884
-0.0445884
-0.0445884
-0.0445884
-0.0445884
-0.0445884
-0.778637
-0.778637
-0.778637
0.00426679
0.00426679
0.00426679
0.00426679
0.00426679
0.528332
1.30787
0.254142
-0.603368
-0.603368
-0.603368
-1.54282
-1.30713
-1.30713
0.404734
0.404734
0.404734
0.404734
0.404734
0.404734
-1.66678
0.539459
0.539459
0.539459
0.539459
0.539459
0.539459
-0.783906
-0.369263
-0.031343
-2.93161
-1.64926
-1.64926
-1.1748
-0.161156
-0.161156
-0.161156
-0.165808
-2.32174
-2.32174
-0.54496
-0.54496
1.64448
1.3451
-1.30243
-0.425059
2.31915
2.31915
1.98188
1.98188
-1.83191
-1.41511
0.213372
0.213372
0.213372
0.213372
0.213372
0.213372
0.213372
0.417938
0.417938
0.417938
0.417938
0.417938
0.417938
-1.29571
-0.344374
-0.0903969
-0.0903969
-0.0903969
-0.0903969
-0.0903969
-0.0903969
-0.0903969
0.257358
0.515181
0.515181
-1.58097
0.519221
0.519221
0.519221
0.519221
0.519221
0.519221
0.519221
0.519221
0.519221
0.440609
0.440609
0.440609
0.440609
0.440609
0.440609
0.280431
1.14874
0.372533
0.270777
0.270777
0.219716
0.219716
0.219716
0.219716
0.219716
0.219716
0.219716
0.790652
0.536321
0.167802
-0.497882
-0.497882
-0.497882
1.18763
1.18763
1.18763
1.18763
1.07878
1.07878
1.26795
1.26795
0.349415
0.349415
0.349415
0.349415
0.349415
0.349415
0.349415
0.349415
0.349415
0.349415
-0.522107
0.543705
0.543705
0.814841
0.814841
-1.13619
-1.13619
-0.688844
-0.367424
-0.367424
1.51852
1.51852
-0.622467
-0.622467
-0.622467
-0.622467
-0.622467
1.8752
-0.416924
-0.416924
-0.416924
-0.416924
-0.416924
-0.416924
-0.416924
-2.16407
-2.16407
-1.62607
1.75828
-1.57518
-1.53387
-1.53387
-1.53387
-1.53387
-0.961052
2.23985
2.23985
2.23985
-1.74162
-1.61805
1.39631
-0.759847
0.189628
0.189628
0.189628
0.053779
0.053779
-0.667207
0.151272
-0.269207
-0.269207
-0.269207
-0.269207
-0.269207
1.51714
-2.43811
-2.43811
-2.43811
-2.43811
-2.43811
-2.43811
-0.233722
-0.782387
-0.277148
-0.277148
-0.277148
-0.277148
-0.277148
-0.277148
-0.277148
-0.277148
-0.277148
-0.277148
-2.03651
1.50931
1.50931
-0.0920884
-0.0920884
-0.0920884
-0.0920884
-0.0920884
-0.0920884
-0.744754
-0.744754
-0.744754
-0.744754
-0.744754
-0.744754
0.33157
0.33157
0.484934
-1.00267
0.395726
-0.686136
-0.686136
-0.686136
-0.686136
-0.686136
-0.686136
-0.686136
-0.974048
-0.974048
-0.372522
-0.372522
-0.436085
-0.436085
1.7565
1.7565
-0.981099
-0.981099
-0.981099
-0.981099
-0.981099
-0.775541
-0.5511
-0.000643657
-0.000643657
-0.000643657
-0.000643657
-0.000643657
0.706501
-0.129098
-0.129098
-0.781853
-0.781853
-2.53625
-0.560781
-0.560781
-0.560781
-0.928036
0.704353
0.191954
-0.955086
-0.955086
-0.999294
-0.999294
0.271048
0.271048
-1.47559
-1.47559
-1.15713
-1.15713
-1.15713
-1.83905
-1.83905
-1.20894
0.845891
0.0928103
-0.44868
-0.44868
-0.44868
-0.44868
-0.44868
-0.44868
-0.44868
-0.44868
-0.818874
-0.818874
-0.818874
-0.818874
-0.818874
-1.15247
2.20728
2.20728
2.20728
2.10794
1.60604
1.60604
0.935825
0.935825
0.578424
0.578424
0.578424
0.578424
0.578424
2.03205
2.03205
1.43402
1.25316
1.25316
0.525254
0.525254
0.525254
0.219987
-1.29239
-1.29239
1.25691
1.25691
1.25691
1.25691
1.25691
1.25691
1.25691
1.25691
1.25691
1.25691
0.219666
0.219666
0.219666
0.219666
1.42559
-0.572326
1.59478
1.59478
0.58436
0.504762
0.775613
1.14625
-1.27118
-1.27118
-1.27118
-1.02204
-0.184986
-0.184986
0.947644
0.947644
0.947644
0.947644
1.20603
0.459649
0.459649
-0.923491
0.471184
0.471184
0.471184
0.457977
0.457977
-1.14587
1.66269
1.66269
0.159898
0.159898
-1.19919
0.571607
0.571607
0.0512108
-2.2825
-0.0269297
-0.0269297
-0.264846
-0.264846
-0.264846
-1.33281
-2.03703
-0.171359
-0.171359
-0.171359
-0.171359
-0.171359
-0.171359
-0.171359
-0.171359
-0.171359
-0.289788
-0.835139
0.346463
0.346463
1.05728
1.45683
0.933985
-0.624773
2.18351
-1.19539
-1.19539
1.73946
1.73946
-0.591017
-0.591017
-0.781333
-0.781333
-0.781333
-0.888065
-0.888065
-0.888065
-0.197929
-0.197929
-0.197929
-0.197929
-0.197929
-0.197929
-0.121069
-0.121069
-0.121069
0.986359
0.358247
0.358247
0.358247
0.358247
-1.51578
-0.847451
-0.310093
-0.310093
0.455346
0.455346
0.455346
0.455346
0.455346
0.455346
-2.20494
0.0443785
0.0443785
0.0443785
0.0443785
0.0443785
0.0443785
-0.918893
-0.918893
-0.918893
-1.94943
1.39931
1.39931
-1.83724
0.362598
0.362598
0.362598
2.32312
2.32312
0.361059
0.361059
0.361059
0.361059
0.361059
0.361059
-0.216874
-0.243907
0.706705
0.706705
0.706705
0.706705
0.706705
0.706705
0.706705
-1.2721
-1.2721
-1.2721
-1.2721
-1.2721
-1.2721
-1.2721
-1.30987
-1.30987
-1.30987
1.79206
-0.70886
-1.24212
-0.112058
-0.112058
-0.112058
-0.112058
-0.112058
-0.112058
-0.112058
-0.112058
-0.112058
0.871457
0.871457
0.871457
0.871457
0.871457
0.485495
0.485495
0.485495
0.485495
-0.222917
-0.222917
-0.222917
-0.26847
-0.26847
-0.26847
-0.26847
-0.609525
-0.609525
0.110649
0.110649
0.110649
0.110649
0.110649
0.110649
0.110649
1.88656
1.99749
1.99749
1.99749
1.99749
1.8931
1.8931
1.8931
1.8931
1.8931
1.00315
0.881317
0.513788
0.513788
0.513788
0.418817
-2.7876
-2.7876
-2.7876
-2.38904
-2.38904
-2.38904
1.45968
1.23657
-1.31309
0.867959
-0.122952
-0.122952
-0.122952
0.415182
0.415182
0.415182
0.415182
0.415182
0.415182
0.415182
-0.238077
-0.238077
-0.238077
-0.238077
-0.238077
-1.02074
-1.02074
-1.02074
-0.461696
-0.461696
-0.176832
-0.473724
-0.201898
-0.201898
-0.201898
-0.201898
-0.201898
-0.201898
-0.201898
-1.46908
-1.46908
-1.46908
-1.74165
-1.74165
0.0305184
2.29681
2.29681
2.29681
2.29681
-1.23327
-1.23327
-1.23327
-0.00417886
-0.00417886
-0.00417886
-0.00417886
-0.00417886
-0.95076
0.875973
1.5213
-0.424848
-0.424848
-0.424848
-0.424848
0.147518
0.147518
0.147518
0.147518
0.147518
0.147518
0.147518
0.147518
0.147518
0.147518
0.147518
0.147518
0.147518
1.72172
1.72172
-0.574822
-0.574822
1.33748
1.33748
1.33748
2.29187
0.835529
0.835529
0.835529
1.06072
1.06072
1.06072
1.06072
0.758482
0.758482
0.758482
0.758482
-0.182535
-0.182535
-0.182535
-0.182535
1.08249
0.57626
0.57626
0.57626
0.57626
0.57626
0.57626
0.57626
0.57626
0.57626
0.57626
0.57626
-0.774145
-0.774145
-0.774145
0.179254
0.962205
0.962205
0.84441
0.516662
0.516662
0.161526
-0.550991
1.58148
1.58148
1.58148
1.58148
1.92267
0.228135
0.228135
0.228135
-0.431382
1.44189
1.44189
0.893862
0.893862
-1.61069
0.0508136
-0.816385
0.382897
0.382897
0.382897
0.382897
-0.71163
1.3608
1.3608
-1.83491
1.0759
-0.57531
-0.57531
-0.140894
-0.140894
-0.140894
-0.140894
-0.140894
-0.140894
-1.48146
-1.48146
-1.48146
-0.371356
-0.371356
-0.371356
-0.371356
-0.371356
-0.371356
-0.371356
0.0984253
0.0984253
0.0984253
0.0984253
0.0984253
0.0984253
0.0984253
-1.49363
-0.593501
-0.593501
