0.1
0.1
0.1
0.1
0.1
0.1
0.1
0.241187
0.241187
-1.59573
-1.59649
-1.42972
0.00635497
0.00635497
0.0943357
0.0943357
-0.363211
-0.363211
-0.363211
0.930065
0.930065
0.930065
1.36288
1.36288
-0.770509
1.85965
1.85965
-0.965921
1.24576
1.24576
1.24576
1.24576
1.24576
1.24576
-1.42414
1.53511
-1.59577
-1.59577
-1.59577
-0.989143
-0.989143
-0.989143
-0.989143
-0.989143
-0.989143
-0.989143
-0.989143
-1.99817
-1.99817
-1.45734
-1.45734
-2.16819
-0.726415
1.19986
-0.402927
-0.402927
-0.402927
-0.402927
0.252531
0.252531
0.252531
-0.430483
-1.10041
-1.10041
-0.382089
-0.382089
-0.382089
-0.382089
0.148988
0.148988
0.148988
0.148988
0.148988
0.148988
1.04601
1.04601
-2.01689
-0.923591
-0.923591
-0.741375
-0.741375
-0.741375
-0.741375
-0.741375
-0.741375
-0.741375
-1.58122
2.13846
1.1024
1.1024
1.1024
1.1024
-0.461901
-0.461901
-1.01501
-1.46903
-0.270428
-0.904813
-0.904813
-0.904813
-1.30048
-1.30048
-1.30048
-1.30048
-1.30048
-1.05422
2.05147
2.05147
-0.483366
-0.483366
-0.483366
-0.889277
-0.889277
2.92261
2.92261
2.92261
2.92261
-0.257698
-0.257698
-0.257698
-0.257698
-0.257698
-0.527167
0.50973
0.50973
0.50973
0.746841
-0.792929
0.871503
0.871503
0.871503
0.871503
0.871503
0.871503
0.871503
1.1119
1.1119
0.538518
0.538518
0.412538
-0.105147
-0.105147
-0.965188
-0.500452
1.33992
-0.613483
-0.613483
0.581774
0.101953
0.101953
0.368418
0.368418
0.368418
1.54975
1.54975
-0.50215
-1.41601
1.54598
1.54598
1.87142
1.87142
1.87142
-0.637604
-0.637604
1.09798
1.09798
1.21429
1.21429
1.21429
1.21429
1.21429
0.140306
0.140306
0.140306
0.140306
-0.123319
-0.123319
-0.123319
-0.123319
0.531499
0.531499
0.531499
1.82796
0.937351
0.937351
1.17397
1.17397
1.04348
1.04348
1.04348
1.04348
1.04348
1.04348
1.04348
1.04348
1.04348
1.04348
1.04348
1.04348
1.04348
1.04348
-0.916016
-0.332237
-0.801707
-0.801707
-0.801707
0.435136
0.217163
-0.371135
-0.371135
-0.371135
-0.371135
0.150547
0.150547
0.150547
-1.02408
-1.02408
0.245611
0.245611
0.245611
0.199119
0.199119
2.18104
0.716832
0.716832
0.716832
-0.371595
-0.371595
0.366332
0.366332
-1.23291
-1.23291
-2.44577
-2.44577
0.858497
0.858497
-1.23822
-1.23822
-1.23822
1.37892
1.37553
1.37553
1.37553
1.37553
0.725254
0.725254
0.725254
0.725254
-0.750723
-0.750723
-0.0453255
-1.18369
-1.18369
-0.12219
-0.12219
-0.12219
-0.12219
-0.12219
-0.12219
-0.12219
-1.54662
-1.54662
-1.54662
2.09593
2.09593
2.09593
2.09593
0.893764
0.423181
0.423181
0.423181
0.423181
0.423181
0.423181
0.423181
0.423181
0.423181
0.787892
0.787892
2.29491
-0.859578
-0.859578
0.521394
1.06371
1.06371
1.06371
-1.04788
-0.084277
-0.084277
-0.275976
-0.275976
-0.275976
-0.275976
-0.275976
-0.275976
-0.275976
-0.275976
1.07569
1.07569
1.07569
1.07569
1.07569
1.07569
1.07569
1.07569
1.07569
-2.06681
-2.06681
-2.06681
-2.06681
-2.06681
-0.54892
-0.54892
-0.54892
-0.54892
-0.204938
-0.204938
-0.204938
-0.204938
0.1106
0.1106
0.1106
0.1106
0.1106
-1.99031
-1.96206
1.62943
1.62943
1.62943
-1.03663
-1.03663
-0.0738606
-0.0738606
-0.0738606
-0.696828
-0.696828
0.512855
-0.23685
-0.23685
1.45034
0.975732
-1.16198
2.77283
2.28828
1.94187
1.94187
0.453228
0.453228
0.473614
0.473614
0.473614
-0.400563
-0.451052
-0.451052
-0.451052
-0.451052
-0.451052
-0.451052
-1.11844
-2.24862
-2.24862
-1.30505
-1.30505
-0.0691564
-0.0691564
0.981671
0.981671
0.981671
0.981671
0.981671
0.981671
0.981671
0.981671
0.981671
0.897501
1.69951
1.69951
1.69951
1.69951
1.56295
0.0948216
0.0948216
-0.499139
-0.499139
-0.78993
-0.78993
-0.78993
-0.78993
-0.78993
-0.78993
-0.78993
-0.78993
-0.0936156
-0.0936156
-1.66906
-0.837676
-0.837676
-0.837676
-1.17823
-1.17823
-1.17823
-1.03818
-1.03818
0.0641421
-0.248145
-0.248145
-0.596806
-0.596806
0.478951
0.478951
-1.84126
-1.84126
-1.84126
1.85695
1.85695
1.85695
1.31254
1.31254
0.990185
0.990185
0.990185
-0.740553
-0.740553
-0.740553
-0.0490746
-0.0490746
-0.0490746
-0.0490746
-0.0490746
0.925137
0.925137
0.925137
0.925137
0.925137
0.925137
-0.498563
-2.14825
-3.02592
-1.96419
1.50435
1.50435
1.50435
0.984074
-0.335073
-0.335073
-0.335073
0.76487
0.76487
-0.223717
-0.223717
-0.223717
-0.845641
-0.165861
-0.165861
-0.165861
-0.165861
-0.165861
-0.165861
-0.165861
-0.165861
-0.165861
-0.165861
0.269183
0.931408
1.36803
-1.39697
-1.39697
0.943874
0.943874
0.943874
0.943874
-0.587066
0.490872
0.490872
-0.117167
-0.608203
-0.608203
-0.608203
-0.608203
-0.608203
-0.608203
-0.465985
-0.465985
1.3536
-0.626776
0.446761
0.446761
0.446761
0.928692
-0.729213
-1.42578
-1.42578
1.47556
-1.33777
-1.33777
1.18844
1.18844
1.18844
1.18844
0.850287
0.850287
-0.108382
-0.108382
-0.108382
1.75128
-1.54634
-1.13049
-0.337442
-0.337442
-0.337442
-0.337442
-0.337442
-0.679081
0.0211751
0.0211751
1.20543
0.0843833
0.0843833
0.0843833
0.0843833
0.0843833
0.0843833
0.0843833
0.0843833
0.0843833
0.0843833
0.0843833
0.0843833
0.0843833
0.895242
0.805455
-0.495123
-0.495123
-0.495123
-0.495123
-0.495123
-1.94837
0.261892
0.261892
0.261892
0.261892
0.261892
0.261892
-1.76878
-1.76878
-1.76878
-1.76878
-1.76878
-1.76878
-1.76878
-1.76878
1.57358
1.57358
-0.145966
-0.145966
-0.145966
-0.145966
-0.145966
-0.145966
-0.852781
-0.852781
-0.852781
-0.852781
0.801896
0.801896
0.801896
0.43443
-0.22874
-0.22874
-1.32077
0.297411
0.297411
-0.914475
-0.914475
1.14664
1.14664
1.14664
1.14664
-0.784908
0.508668
0.508668
0.508668
0.508668
1.38973
2.80065
2.80065
2.80065
-0.754941
-0.754941
-0.754941
-0.754941
-0.754941
-0.754941
-0.218952
-0.218952
-0.218952
-0.090532
0.245525
0.245525
0.245525
0.245525
0.245525
-1.13589
0.841944
-0.710783
-0.710783
-0.710783
-0.710783
-0.710783
-1.22169
0.705508
0.916759
-0.118257
-0.118257
-0.118257
-0.118257
-0.118257
1.81844
0.728253
1.09526
1.09526
0.169357
0.169357
-2.5443
-2.5443
-2.5443
-2.28352
0.2065
0.2065
1.45842
1.45842
1.45842
1.45842
1.45842
-0.159795
-0.159795
-0.159795
-0.159795
-0.159795
-0.159795
-0.159795
-1.24194
1.38842
-1.02742
-1.02742
-1.02742
-1.02742
-1.02742
-1.02742
-1.02742
-1.02742
-1.02742
-1.02742
-1.02742
-1.02742
-1.02742
-1.1774
-0.971402
-0.971402
-0.082017
-0.082017
-0.082017
1.08081
1.08081
0.540117
0.540117
0.316373
0.316373
0.316373
-1.21131
-1.21131
-0.666868
-0.666868
-0.666868
-0.666868
-0.666868
-0.0724917
-0.0724917
-0.0724917
-0.0724917
-0.0724917
-0.0724917
-0.0724917
-0.329607
-0.329607
-0.857423
-0.857423
0.623321
0.623321
0.623321
0.284774
-1.64668
-2.04762
-2.04762
-2.04762
-2.04762
-0.120808
-0.120808
-0.432944
2.30486
-0.927392
-0.927392
-0.927392
-0.927392
-0.927392
-0.927392
-0.927392
-0.927392
1.45213
1.45213
-1.04272
-1.04272
-1.98749
0.119163
0.0248753
-1.49599
1.36631
1.56486
1.56486
2.53185
-1.19572
-2.22566
-2.22566
-0.592871
-0.592871
-0.592871
-0.592871
-0.244578
-0.527242
-0.933456
-0.431195
-0.431195
2.02901
0.403572
0.403572
-0.986184
-0.986184
-0.986184
-0.500531
-0.795699
-0.795699
-0.795699
-0.795699
-0.795699
-0.795699
-0.795699
-0.795699
-0.809282
-0.809282
-0.809282
-0.809282
-1.4937
1.09809
1.09809
1.09809
1.09809
-1.3677
-1.3677
0.0464096
0.0464096
0.0464096
0.0464096
0.433081
0.433081
0.433081
0.433081
0.433081
-1.12453
-1.12453
0.699845
0.699845
0.699845
-0.800305
-0.800305
0.820391
0.820391
0.820391
1.53266
1.53266
1.53266
1.53266
1.53266
-1.60117
-1.17793
-1.17793
-1.17793
-1.17793
-1.17793
-1.17793
-1.17793
-0.703581
-0.703581
-0.703581
-0.703581
-0.703581
-1.19726
-0.219926
0.73146
-1.39993
-1.39993
0.766612
0.766612
-2.36682
-1.02658
-1.02658
-1.35566
-1.35566
-1.35566
0.432282
0.432282
0.432282
0.432282
-1.3342
-1.3342
-1.3342
-1.3342
-1.3342
-0.198695
-0.198695
-0.198695
-0.198695
-0.49567
-0.49567
-0.49567
-1.14666
-0.636675
-0.636675
-0.636675
-0.636675
-1.44947
-1.44947
-1.44947
-1.44947
1.73521
1.73521
-0.0667524
-0.0667524
-0.0667524
-0.0667524
0.801731
0.709063
0.851672
0.851672
0.851672
-0.69944
-0.69944
-0.643598
-2.04149
-1.70591
-2.26592
1.65237
-0.00744289
-0.00744289
-0.00744289
1.60826
1.60826
1.57723
1.57723
-0.581487
-0.581487
0.311967
0.908257
0.908257
1.60777
1.72218
1.72218
-1.06447
-1.06447
-1.06447
0.761046
0.761046
0.761046
0.0805928
0.208715
0.208715
0.274962
0.274962
-0.843168
-0.843168
-0.843168
-0.843168
-1.38339
-1.01538
-1.01538
-1.01538
1.51065
0.540073
0.540073
-1.38456
-1.87476
1.20345
-0.990486
-0.990486
-1.27604
-1.00672
-1.00672
-1.00672
-0.0822965
-0.0822965
-0.461177
-1.63129
-1.63129
1.18228
1.39057
-0.305416
0.0775108
0.0775108
0.0775108
-1.04556
-1.04556
-1.04556
-1.04556
-0.545135
0.091921
1.1172
1.1172
1.1172
1.1172
-0.982545
-0.351598
-0.40121
-0.40121
-0.354972
-0.354972
-0.354972
-0.354972
-0.354972
-0.354972
-0.354972
0.386481
1.04745
1.04745
1.04745
0.644938
0.644938
0.644938
0.644938
-1.36956
-2.01389
-1.68947
-1.68947
-1.68947
1.64015
1.64015
-2.17155
0.923323
0.923323
0.923323
0.923323
0.923323
0.923323
-0.343205
-0.343205
-0.343205
0.23519
0.514559
0.514559
0.514559
-1.83764
-1.83764
-1.83764
1.96087
2.54282
2.54282
2.54282
-1.14481
-0.254058
-0.254058
1.23798
1.23798
-2.17418
-2.17418
-2.17418
-0.140663
-0.140663
-0.140663
-0.140663
-0.140663
-0.140663
-0.140663
0.0265827
0.0265827
0.0265827
0.0265827
0.0265827
0.0265827
0.0265827
0.0265827
-0.091131
-0.497142
-0.497142
-0.497142
-0.250437
-0.250437
-0.250437
-0.250437
0.360676
0.360676
0.360676
0.360676
