0.1
0.1
1.03951
1.03951
1.03951
-1.8816
-1.8816
-1.8816
-1.8816
-1.89319
-0.289247
-0.289247
-0.289247
-0.289247
1.20073
1.20073
1.20073
1.44223
1.44223
1.44223
1.44223
1.44223
1.44223
1.44223
1.44223
-1.1851
-0.0422038
-0.0422038
-2.01908
-0.442201
-0.442201
-0.548554
-0.710046
-0.710046
0.44786
-0.587408
-0.587408
-0.587408
-0.313221
-0.313221
-0.313221
-0.313221
2.25676
2.25676
-1.58143
-1.58143
-1.58143
-1.58143
1.18647
-1.9293
0.510806
2.05349
-1.26371
0.00644097
0.00644097
0.00644097
0.00644097
0.00644097
0.00644097
0.00644097
-0.770358
-0.770358
-0.770358
0.877759
0.877759
0.877759
0.877759
0.877759
0.889957
0.889957
1.04838
0.141251
0.632521
-0.593649
-0.593649
-0.593649
-0.593649
-0.593649
-0.593649
-0.593649
-0.593649
-1.41566
-1.41566
-1.1514
-1.1514
-1.1514
1.62144
2.28689
2.28689
-1.10945
-1.10945
-0.458874
-0.458874
-0.458874
-0.458874
0.135443
2.10465
2.10465
-1.55992
-1.21542
-1.21542
-1.21542
-1.18828
-1.18828
1.26917
-0.692104
-0.692104
-1.48168
-1.51555
-0.733712
-0.733712
-0.733712
-0.733712
-0.733712
-0.733712
-0.917728
-0.917728
-0.917728
-0.831904
0.501619
0.501619
0.501619
0.0515692
0.0515692
1.39967
1.39967
-0.656237
-0.064915
-0.064915
-0.064915
-0.064915
0.922608
0.922608
1.49659
1.49659
1.49659
1.49659
1.49659
1.49659
1.49659
1.32066
-1.31528
-1.31528
-1.31528
-0.23015
-0.915757
0.30167
-0.0043714
-2.39074
-2.39074
0.430554
0.430554
0.430554
0.430554
0.430554
0.430554
1.29605
1.29605
2.04693
0.849902
1.80122
1.80122
1.80122
1.80122
0.780267
0.780267
0.0824647
0.0824647
0.0824647
0.0824647
0.0824647
0.0824647
0.0824647
0.0824647
0.216868
0.622835
0.622835
0.394345
0.394345
0.394345
0.824012
1.21123
1.21123
1.21123
1.21123
0.300726
0.300726
0.300726
0.300726
0.300726
0.300726
-0.190895
-0.190895
0.381847
0.381847
0.381847
0.381847
0.381847
-0.756159
-0.756159
-0.636368
-0.636368
-0.636368
0.780656
0.780656
0.780656
0.780656
0.00618536
0.00618536
-0.425687
-0.425687
-0.425687
-1.34755
-1.06904
0.714275
-0.553892
0.00463109
0.734173
0.734173
0.734173
0.734173
0.734173
-0.512575
0.298715
-0.409903
0.272314
-1.46166
0.993041
0.993041
-1.03953
-1.03953
-1.03953
-1.03953
-1.03953
-1.18127
0.164265
0.164265
0.164265
0.164265
0.164265
0.164265
0.164265
0.164265
1.2512
0.978375
0.978375
0.978375
-0.0908125
-0.0908125
1.87471
1.02815
1.02815
0.949657
-0.160549
0.0254173
0.0254173
0.448126
0.448126
0.426157
0.0458868
0.0458868
-1.66065
0.155658
0.155658
-0.578036
-0.578036
-0.578036
-0.578036
-0.578036
-0.578036
-0.578036
-0.795766
0.17338
-0.097707
-0.097707
-0.097707
-0.456801
-0.456801
-0.456801
-0.456801
-0.456801
0.297026
0.297026
-0.694835
-0.694835
-0.0409802
-0.0409802
-0.0409802
0.86256
0.974599
-1.2435
-1.06119
-1.06119
-1.55563
-1.26508
-0.912487
-0.912487
-1.67163
0.557796
0.885268
0.320656
0.320656
0.320656
0.320656
0.320656
0.320656
0.320656
0.320656
0.320656
0.320656
0.320656
0.320656
0.320656
0.320656
0.320656
0.320656
-3.17769
-3.17769
-3.17769
-3.17769
-1.04973
-1.04973
-1.04973
-1.04973
-1.04973
-1.04973
2.16445
2.16445
-0.721505
-0.721505
-0.721505
1.19256
1.19256
1.19256
0.8629
0.8629
0.8629
0.8629
0.8629
0.0807561
0.0807561
0.53639
0.53639
0.53639
0.53639
0.53639
0.53639
-0.968458
-0.968458
-1.40745
-1.56529
-1.56529
-1.56529
0.274702
0.274702
0.274702
0.639873
0.639873
0.0442693
0.0442693
0.0442693
0.0442693
0.535333
0.535333
0.535333
-0.999195
-0.376495
-0.376495
-0.376495
-1.90633
0.668182
-1.99836
-1.99836
1.22627
1.22627
-0.261975
-1.26328
-1.26328
-1.26328
0.563358
0.563358
0.563358
0.0364712
0.396434
0.396434
0.396434
0.396434
0.396434
0.44436
0.44436
-2.32846
-0.956312
-0.293535
-0.293535
-0.293535
-0.293535
-0.293535
-0.917267
-0.917267
1.00441
1.00441
-1.33729
1.17361
1.17361
1.17361
1.17361
1.17361
1.17361
1.26169
1.13141
1.13141
1.13141
1.13728
-1.62366
-1.62366
-0.688426
-0.688426
-0.688426
-0.688426
-0.688426
-0.688426
-0.688426
-0.688426
-0.545224
-0.545224
-0.545224
-0.545224
-0.545224
-0.545224
-0.545224
-0.545224
-0.545224
-0.545224
-0.545224
-0.545224
-0.897654
-0.897654
0.163626
0.163626
0.52702
0.52702
0.52702
0.52702
0.52702
-0.526711
-0.526711
-0.526711
-0.526711
-0.526711
-0.513802
-0.513802
-0.513802
-0.513802
-0.513802
-0.900848
-0.900848
-0.900848
-0.900848
-0.900848
-0.900848
-0.491107
1.41816
1.41816
1.20392
1.20392
1.20392
-0.117143
-0.117143
-0.530135
-0.337706
-0.337706
-0.337706
-0.337706
-0.604078
2.61981
0.831325
1.83896
1.83896
1.89617
-1.07121
-1.07121
-1.07121
-1.07121
-1.07121
-1.07121
-1.07121
-1.07121
-1.07121
-1.07121
-1.07121
-1.07121
-1.07121
1.72407
1.72407
1.72407
1.41125
0.62485
-0.312972
-0.312972
-0.312972
-0.312972
0.570687
0.443175
0.443175
0.443175
0.443175
0.443175
0.443175
0.099301
0.099301
0.099301
0.099301
0.099301
0.099301
0.099301
0.849328
0.849328
0.849328
0.849328
0.849328
0.849328
1.46272
2.18247
0.833004
1.10458
1.10458
1.10458
1.10458
1.54804
1.54804
1.54804
1.54804
1.54804
-2.44132
-2.44132
-2.44132
-1.18008
-1.18008
-1.18008
0.458596
0.458596
0.458596
0.618038
-0.400551
-0.400551
-0.400551
-0.400551
-0.400551
-0.400551
-0.400551
-0.400551
-0.400551
-0.400551
-0.400551
-0.400551
0.131308
-0.309037
-0.309037
-0.309037
-0.309037
-0.309037
-0.309037
-0.309037
0.117725
0.117725
0.117725
0.117725
0.117725
0.117725
-0.0133413
-0.0133413
-0.0133413
-0.0133413
-0.0133413
-0.0133413
-0.0133413
-0.0133413
0.809962
0.809962
0.809962
0.809962
-1.02043
-1.02043
-1.02043
-1.02043
-1.10996
-0.517659
-1.04422
1.22473
1.22473
-1.50915
-0.464369
-0.464369
-0.464369
-0.158411
-0.35838
0.0858699
0.0858699
1.22489
0.145778
0.145778
0.145778
0.810387
0.0449325
0.0449325
0.0449325
0.0449325
0.0449325
-1.42004
-1.42004
-1.42004
-1.42004
0.547067
0.547067
0.547067
0.547067
-0.315401
-0.315401
-0.315401
-0.315401
-0.315401
-0.315401
-0.315401
-0.847816
-0.847816
0.275165
0.275165
0.275165
0.275165
0.436581
0.436581
-1.40522
-1.40522
-1.40522
-1.40522
-1.40522
0.26444
-0.898446
-0.898446
-0.898446
-1.20999
0.892734
0.892734
0.892734
0.892734
-1.79206
0.705608
-0.624057
-0.624057
0.843215
0.843215
0.843215
0.843215
0.843215
0.843215
0.958533
0.958533
1.51972
1.51972
1.51972
1.46276
0.21589
-0.450608
-0.450608
-0.450608
-0.450608
-0.857649
-0.857649
0.490155
0.231398
0.231398
0.231398
0.231398
0.231398
0.231398
-1.31978
0.23832
-1.29366
-1.29366
-0.0239792
0.213224
0.213224
0.213224
0.659125
0.659125
0.659125
0.659125
0.659125
0.659125
0.659125
0.699422
0.699422
1.28493
-2.12011
-2.12011
-2.30669
0.0577478
0.493837
0.493837
-0.513427
-0.513427
-0.513427
-0.261156
-0.815676
-0.815676
0.11061
0.11061
0.11061
0.11061
0.11061
0.11061
0.11061
2.03527
-1.85858
-1.85858
-1.85858
1.3513
1.3513
1.3513
-0.265491
0.798266
0.798266
0.798266
0.798266
0.798266
0.798266
0.798266
0.798266
-0.940042
0.106268
-0.506785
-0.506785
0.506878
0.506878
0.506878
-0.645598
-0.279698
-0.279698
-0.279698
-1.89185
-1.89185
1.60783
1.60783
-1.34403
-1.34403
-0.321295
-0.321295
1.30947
1.30947
1.30947
1.30947
1.30947
1.30947
1.30947
1.30947
0.655177
0.655177
0.655177
0.655177
0.655177
0.655177
0.655177
-0.240374
-0.745516
0.827169
0.827169
0.827169
0.827169
0.827169
0.827169
0.827169
-1.00559
0.949639
0.949639
0.949639
0.823709
-0.582565
-0.582565
-0.582565
-0.582565
-0.582565
-0.137879
-1.16092
-1.16092
-1.16092
-1.16092
-1.16092
-1.16092
-1.16092
-1.16092
-1.16092
-0.844016
-0.844016
2.27991
2.24603
2.24603
-0.972303
-0.972303
-0.972303
0.000656275
0.000656275
0.000656275
-1.49373
1.98557
1.65885
1.65885
-0.260711
-1.34676
-1.34676
-1.34676
-1.34676
-1.34676
-1.34676
-1.34676
-0.583667
-0.342722
-0.603908
-0.603908
-0.603908
-0.603908
-0.603908
-0.072408
0.0368705
0.0368705
0.0368705
0.0368705
0.0368705
0.721784
0.721784
0.721784
0.721784
0.721784
-0.119967
-0.119967
-1.08002
-0.109245
0.196751
0.858908
0.858908
0.858908
1.59702
1.59702
1.59702
1.59702
-1.51965
-0.542522
-0.542522
-0.542522
0.78261
0.78261
0.78261
0.78261
-0.230762
-0.230762
-0.230762
-0.230762
-0.230762
-0.230762
-0.230762
-0.230762
-1.63733
-1.63733
-1.56567
-1.56567
-1.56567
0.199339
0.199339
0.199339
0.535585
1.23211
-3.48684e-05
-3.48684e-05
-3.48684e-05
-3.48684e-05
-0.00311097
-0.00311097
-0.00311097
-0.00311097
0.982547
0.982547
0.982547
0.982547
0.982547
0.982547
0.234916
0.234916
0.234916
0.234916
0.234916
0.234916
0.234916
0.234916
-0.91644
-0.91644
1.36712
1.36712
1.36712
1.36712
1.36712
1.36712
1.95495
1.95495
-1.08228
-0.894691
1.10579
1.2852
1.39125
1.39125
1.39125
1.39125
1.39125
-0.213083
0.704868
1.69648
-0.928786
-0.928786
-0.6707
-0.6707
-0.6707
1.12278
-1.33788
0.476767
0.476767
1.07685
1.07685
1.07685
-0.981122
-0.981122
-0.981122
-0.981122
-0.981122
-0.981122
1.36149
0.486209
-0.0438885
-0.0438885
-0.0438885
-1.38927
-1.38927
-2.24865
-2.24865
0.0158245
0.205951
-0.348256
-0.348256
0.164331
-0.0293919
-0.0293919
0.341099
0.341099
0.341099
0.341099
0.341099
0.341099
0.341099
0.341099
0.341099
0.341099
0.341099
0.258434
1.07508
0.699621
0.699621
-0.528562
-0.528562
-0.564006
-1.57403
-0.602234
-0.602234
-0.602234
0.420306
0.420306
0.420306
0.420306
0.420306
0.420306
2.10667
2.10667
3.13401
0.698213
0.698213
-0.676001
-0.676001
-0.676001
-0.676001
1.06276
1.06276
1.06276
1.75034
1.75034
1.75034
-0.939384
-0.358472
-1.50377
1.26353
1.26353
-0.788806
1.16999
1.16999
1.16999
