0.1
-0.14423
-0.388459
-2.56775
-2.56775
-1.49063
-1.49063
-1.49063
0.60952
0.60952
0.60952
0.60952
-0.700084
-0.700084
-0.700084
-0.700084
1.78225
1.85823
1.85823
0.182839
0.182839
0.182839
-0.761837
-0.761837
-0.761837
-0.761837
-0.761837
-0.761837
-0.761837
-0.761837
-0.761837
0.128711
0.811915
0.811915
0.811915
0.0729024
-1.18437
-1.34965
-1.34965
1.60387
-1.35291
-1.35291
-1.88576
-1.88576
-1.14883
-1.14883
-1.14883
-1.33766
1.16714
1.16714
1.16714
-0.223484
-0.223484
-0.223484
-0.223484
-0.681805
1.06235
1.06235
1.06235
1.32368
1.32368
1.32368
-0.228989
-0.0672308
-0.0672308
2.25292
-0.868776
-0.868776
-0.868776
-0.868776
-1.46521
-1.72699
1.4698
-0.171181
-0.522039
-0.522039
-0.522039
-0.522039
-0.522039
-0.522039
-0.522039
-0.522039
-0.522039
-0.522039
-0.522039
-0.522039
-0.244156
0.606924
0.606924
0.606924
0.606924
-0.535723
1.03055
1.03055
1.03055
1.03055
0.545032
0.545032
0.545032
0.545032
0.300803
-1.87848
-1.87848
-0.801367
-0.801367
-0.801367
1.29878
1.29878
1.29878
1.29878
-0.0108214
-0.787629
1.22716
1.22716
1.22716
1.30314
1.30314
-0.372253
-0.372253
-0.372253
-1.31693
2.06493
-0.890229
-0.890229
-0.890229
-0.890229
-0.890229
-0.890229
-0.890229
0.000318641
0.683522
0.683522
0.683522
-0.0554898
-1.31276
-1.47804
-1.47804
1.47548
-1.4813
-1.4813
-2.01415
-2.01415
-1.27723
-1.27723
-1.27723
-1.46605
1.03874
1.03874
1.03874
-0.351876
-0.351876
-0.351876
-0.351876
-0.810197
0.933956
0.933956
0.933956
1.19529
1.19529
1.19529
-0.357381
-0.195623
-0.195623
2.12452
-0.997168
-0.997168
-0.997168
-0.997168
-1.5936
-1.85539
1.34141
-0.299574
-0.650432
-0.650432
-0.650432
-0.650432
-0.650432
-0.650432
-0.650432
-0.650432
-0.650432
-0.650432
-0.650432
-0.650432
-0.372548
0.478532
0.478532
0.478532
0.478532
-0.664115
0.902158
0.902158
0.902158
0.902158
0.41664
0.41664
0.41664
0.41664
0.41664
0.41664
0.41664
0.41664
0.41664
0.41664
-1.73819
0.0334654
0.771057
0.771057
0.144785
0.144785
0.144785
0.144785
0.144785
0.144785
1.80284
1.69083
1.69083
0.642329
0.642329
-0.317315
-0.317315
-0.317315
1.60295
1.95187
1.95187
-1.86592
1.71904
1.71904
-1.69112
1.18131
1.18131
1.24359
1.24359
1.24359
1.24359
1.92599
-1.10227
-1.10227
-1.10227
-1.10227
-1.10227
2.04266
-0.825697
-1.37423
-0.849985
-0.849985
0.234332
0.234332
0.234332
0.234332
0.234332
0.0873575
-0.32447
-0.32447
-0.32447
-0.32447
-0.32447
-2.30613
1.47745
-0.513729
-0.513729
-0.513729
1.49615
0.503709
0.503709
0.336805
0.336805
0.336805
-0.968267
1.46112
0.609489
0.609489
0.609489
-0.799134
-0.799134
0.630551
0.630551
0.630551
2.07012
2.07012
1.99779
0.799567
-2.03762
1.14117
1.14117
2.20734
2.20734
0.581849
-0.969878
-0.969878
-0.969878
-0.38782
-0.38782
0.34493
-0.381889
0.324202
0.177241
-0.862774
-0.862774
-0.862774
-0.862774
0.198856
0.198856
0.198856
0.60088
-0.64472
-0.64472
-0.64472
-0.64472
0.937664
0.937664
1.17199
-1.03167
1.0589
1.0589
1.0589
1.0589
1.0589
0.413255
0.413255
0.413255
0.413255
-0.768049
-0.768049
-0.768049
-0.768049
-0.768049
0.210742
1.25184
1.25184
-0.714635
-0.714635
-0.714635
-0.714635
-0.714635
-1.58008
-0.840807
-0.840807
-0.144707
-0.00774334
-0.00774334
-0.00774334
-0.411519
0.509252
0.509252
0.509252
0.509252
0.509252
1.1757
-1.14692
-1.14692
-1.14692
0.524039
0.524039
0.524039
0.524039
0.524039
-1.01849
-1.01849
-0.51336
-0.51336
-0.51336
-0.51336
-0.51336
-0.51336
0.673477
0.673477
0.705659
0.705659
-0.267017
-0.267017
-0.267017
-0.267017
-0.267017
-0.267017
-0.267017
-0.267017
0.737691
-0.216207
-0.216207
0.11413
0.11413
0.11413
0.11413
0.11413
0.11413
0.11413
0.314614
0.314614
0.314614
1.32519
1.32519
1.6946
1.6946
1.6946
0.583496
0.583496
0.583496
0.583496
0.583496
-0.404655
-0.404655
-0.404655
-0.404655
-0.404655
-0.577476
-0.577476
-0.577476
1.44414
1.44414
1.44414
1.44414
-1.12942
-1.12942
-1.12942
-1.11524
-1.11524
-1.11524
-1.11524
-1.11524
-1.11524
-0.0873765
0.444755
0.444755
-0.67892
-0.67892
1.0321
1.0321
1.88116
1.88116
-1.84508
-0.41141
-0.41141
-0.41141
-0.41141
0.850503
1.30171
1.30171
1.30171
1.30171
1.30171
1.30171
0.824887
0.824887
0.824887
0.824887
1.03148
-1.74227
-0.407825
-0.407825
-0.105384
-0.105384
-0.105384
-0.311418
-0.311418
-0.811548
-0.811548
-0.133463
-0.133463
-0.338342
-0.338342
-0.338342
-0.338342
-0.338342
0.0732887
0.0732887
-0.158505
-0.158505
-0.158505
-0.158505
-0.875738
-0.875738
-0.875738
-0.875738
-0.875738
-0.875738
-0.875738
-0.875738
-0.875738
-0.875738
-0.875738
0.92875
0.92875
0.410695
0.410695
0.410695
0.410695
-0.073431
-0.073431
-0.073431
-0.073431
0.214792
0.214792
-0.81672
-0.81672
-0.81672
-0.81672
-0.81672
-0.81672
-0.81672
-0.81672
0.419766
0.419766
0.419766
0.419766
0.419766
0.419766
0.419766
0.362648
0.362648
0.362648
0.362648
0.362648
0.362648
0.362648
0.362648
0.00923301
-0.366285
0.301734
0.301734
0.301734
0.301734
0.301734
0.301734
0.301734
0.301734
0.301734
1.05954
1.05954
1.05954
1.05954
1.05954
1.05954
-0.9357
0.174195
0.174195
0.956397
0.956397
0.956397
0.313063
0.313063
0.313063
0.313063
0.313063
0.313063
0.313063
0.313063
0.313063
0.313063
0.313063
-0.318328
-0.318328
-0.318328
-0.318328
0.820528
0.671354
0.671354
1.29596
0.690838
0.690838
0.690838
1.37779
-0.632981
-0.632981
-0.632981
-0.632981
-1.19843
-1.39903
-1.39903
-1.39903
-1.39903
1.53309
1.88265
1.88265
-0.789989
-0.789989
-0.695044
-0.695044
-1.43712
-2.07975
-2.07975
-1.60754
2.35002
2.35002
2.35002
0.995705
-0.829132
-0.829132
-0.829132
1.11746
1.11746
1.11746
0.090722
1.25541
0.388899
0.388899
0.388899
0.388899
0.388899
0.388899
0.388899
1.29629
1.29629
1.29629
1.29629
1.29629
1.29629
-1.04321
1.14033
-0.502358
-0.502358
-0.930188
-0.930188
-0.930188
-0.930188
-0.930188
-0.930188
-0.930188
-0.619233
-0.619233
-0.118309
-0.118309
-0.120366
0.200418
0.200418
0.200418
0.576313
0.576313
0.576313
0.576313
0.576313
0.576313
1.23052
1.23052
-0.0689203
0.137898
0.137898
-0.720117
-1.67235
0.143242
1.83472
1.83472
1.83472
1.99474
1.45469
1.45469
-1.15009
-1.15009
1.01927
1.01927
-0.51493
-0.51493
-0.859996
-0.859996
-0.859996
-1.23489
-1.23489
-0.43302
-1.22061
-1.22061
1.6086
1.6086
1.6086
0.688279
-1.5999
-2.88485
-2.88485
-2.41173
-2.41173
-2.41173
-1.77394
-1.77394
0.892208
0.106568
0.106568
0.106568
0.106568
0.106568
0.106568
0.106568
0.106568
1.15566
2.12646
2.12646
2.12646
2.12646
0.861804
0.861804
0.861804
0.861804
0.861804
0.861804
0.677995
0.677995
0.677995
-0.437058
-0.437058
-0.46928
-1.40699
-1.40699
-1.40699
-1.40699
-1.40699
0.199299
-0.344581
-0.344581
-0.344581
0.812044
0.812044
0.812044
0.812044
0.812044
0.812044
-0.247915
-0.247915
1.54728
1.54728
1.2254
1.2254
1.2254
1.2254
1.2254
1.2254
1.2254
1.2254
1.2254
1.2254
1.2254
0.512838
0.512838
0.512838
0.512838
0.450778
0.0984741
0.0984741
0.0984741
-0.408428
-0.408428
0.045781
0.045781
0.045781
0.045781
0.045781
0.045781
0.045781
0.045781
0.045781
0.045781
0.045781
-0.749632
-0.240041
-0.240041
-0.240041
-0.240041
-0.240041
-0.240041
-1.06094
-0.801998
-0.801998
0.315874
-0.356099
1.31216
1.31216
1.40606
1.40606
1.40606
1.4085
1.4085
1.4085
1.31979
-1.7648
-1.7648
0.960419
0.960419
2.15064
2.15064
-1.1995
-0.516271
-0.516271
-0.516271
0.510887
0.510887
0.510887
0.197437
0.197437
0.197437
1.41988
1.41988
1.41988
1.41988
1.52272
1.52272
1.52272
-1.64066
-0.0417695
-0.0417695
1.45747
1.45747
-1.58865
-1.58865
-1.05693
-0.0246491
0.479908
0.479908
-0.682865
-0.682865
-0.682865
-0.682865
-0.682865
1.22982
1.22982
1.22982
1.22982
1.22982
1.22982
0.380494
0.380494
0.380494
0.380494
0.380494
0.380494
0.380494
-0.604096
-0.604096
-0.654552
-0.654552
-0.17791
-0.17791
-0.0176433
-0.0176433
-0.981421
0.355121
0.355121
0.355121
-0.838931
-1.05708
-1.05708
-1.05708
-1.05708
-1.05708
0.35351
0.35351
0.35351
0.48308
0.123733
0.408392
0.408392
-0.157997
-0.157997
-0.157997
-0.157997
-0.157997
-0.157997
-0.0789577
-0.0789577
-0.0789577
-0.0789577
-0.0789577
-0.0789577
-0.0789577
-0.0789577
-0.0789577
-0.0789577
-0.0789577
-1.89423
-1.75985
-2.07551
-2.07551
-1.54036
-1.54036
-1.54036
-1.4093
0.242739
0.242739
0.300301
-0.184427
-0.184427
-0.184427
-0.184427
-0.182877
-0.182877
0.380616
0.380616
0.380616
0.380616
0.380616
0.380616
0.380616
-0.814262
0.212907
0.212907
0.212907
-0.362733
-0.319603
0.468631
-1.70885
0.592539
0.592539
0.592539
0.592539
-1.59489
-1.59489
-1.59489
-1.59489
-1.59489
-1.75538
-1.75513
1.26082
-1.00344
-1.00344
-0.916195
-0.916195
-0.324614
-0.324614
-0.324614
-0.324614
-0.324614
-1.92084
1.06383
1.24967
-0.880781
-0.504284
-0.416119
-0.416119
-0.416119
-0.274874
-0.274874
-0.274874
-0.274874
0.00835449
0.00835449
1.15916
-0.875376
-0.875376
-0.875376
-0.353392
-0.353392
0.293357
0.293357
0.293357
0.911825
0.911825
0.911825
-0.109619
-0.109619
-0.109619
-0.109619
-0.423411
-0.423411
-0.423411
-0.423411
-0.423411
-0.423411
0.706238
0.706238
0.706238
0.706238
0.706238
0.706238
0.706238
-0.63888
-0.421786
-0.421786
-0.421786
0.262895
0.262895
-1.4662
-1.4662
-1.4662
-1.4662
-1.62057
-0.618199
-0.618199
1.76789
1.76789
-0.179692
-0.179692
-0.179692
-0.179692
-0.179692
-0.07698
-0.07698
-0.07698
-0.07698
-0.07698
-0.216182
-1.10795
-1.10795
-1.11399
-2.21203
-0.673863
-0.673863
-0.673863
-0.673863
-0.673863
-0.673863
1.68994
1.68994
0.745175
0.745175
