0.1
0.1
0.1
0.261226
0.261226
0.261226
0.261226
0.261226
0.261226
0.261226
-1.60463
-1.60463
-0.247596
-0.247596
-0.624497
-0.624497
-0.624497
-0.624497
-0.624497
-0.624497
-0.624497
-0.624497
-0.624497
0.0827294
0.0827294
0.0827294
-0.285196
-0.285196
-0.770679
-0.500191
-0.362992
-0.362992
-0.362992
-0.362992
-0.362992
-0.362992
-0.362992
0.429923
0.429923
0.429923
0.429923
-0.0182571
-0.0182571
2.06802
2.34056
1.1122
-0.974279
0.619532
0.619532
1.17537
-0.728345
-0.728345
-0.728345
-0.686098
-0.686098
-0.686098
-0.686098
0.934579
0.934579
0.934579
0.934579
0.934579
0.934579
0.934579
0.934579
-1.35354
-1.35354
1.01
1.01
1.01
1.01
1.22407
-0.180436
-0.805639
-0.805443
-0.805443
-0.613406
-0.545647
1.16069
1.16069
-0.913821
-0.913821
-1.24774
-0.694063
0.258098
0.258098
0.258098
0.258098
0.258098
0.258098
1.3655
-0.503272
-0.503272
0.369863
0.369863
0.369863
0.823098
0.823098
1.73713
1.73713
0.336118
0.336118
0.336118
1.81463
-0.644603
0.742808
0.742808
0.742808
0.742808
0.742808
0.742808
0.742808
0.742808
0.742808
0.742808
1.04947
0.790511
0.790511
0.790511
-0.718998
-0.718998
0.659145
0.659145
0.659145
-0.106026
-2.04005
-2.04005
-0.275129
-0.275129
-0.275129
-0.275129
1.30627
0.89012
0.89012
-0.371761
-0.371761
-0.371761
-0.371761
0.304726
0.304726
0.304726
0.304726
0.304726
0.304726
0.304726
0.304726
0.304726
-1.28041
-1.28041
-1.28041
-1.28041
-1.28041
-1.28041
-1.28041
1.26947
2.18412
2.06577
1.93187
0.205549
0.205549
0.205549
0.205549
0.205549
0.205549
-0.286853
-0.708609
-0.708609
-0.708609
0.380494
0.380494
0.512292
0.512292
-1.28817
1.3132
-0.40928
-1.49207
-1.49207
1.08885
1.08885
0.733187
0.733187
1.27212
1.27212
1.27212
0.564784
0.564784
0.564784
0.564784
0.564784
0.564784
0.825996
0.923199
1.56024
1.56024
1.56024
0.432265
-1.00646
1.25547
1.25547
1.89157
0.0664069
0.0664069
0.0664069
0.0664069
0.0664069
0.0664069
0.0664069
0.0664069
0.0664069
-1.14963
-1.14963
-1.14963
1.61506
1.61506
1.61506
1.61506
1.61506
-0.239627
2.60203
2.60203
0.744989
0.744989
0.62233
0.62233
0.62233
-0.289599
2.19863
2.19863
2.19863
-0.429874
-0.965859
-0.965859
-0.965859
-0.965859
0.079245
0.079245
0.079245
0.397358
0.397358
0.397358
0.397358
0.397358
0.397358
-2.18902
-2.18902
1.55826
-1.85163
-1.85163
-1.30057
-1.30057
-1.30057
-0.726997
-0.848114
-0.0221815
0.151003
-0.879088
0.821945
-0.754671
0.15649
0.15649
0.122871
1.04184
-0.826849
-0.826849
-0.826849
-0.758612
-0.758612
-0.758612
-0.758612
-0.758612
-1.77054
-2.33993
-2.33993
-0.0300214
-0.0300214
1.72725
1.72725
-0.160347
-0.22181
0.206044
-1.71233
-1.05514
1.86016
1.86016
0.987871
0.987871
2.64484
1.21557
1.21557
1.21557
-1.93041
-0.299125
-0.299125
0.434362
0.434362
0.434362
0.434362
0.434362
0.434362
-0.492858
1.40985
0.774885
0.774885
0.774885
0.201989
0.201989
0.201989
-0.592252
-0.592252
-0.592252
-1.36804
-1.36804
-0.69384
-0.69384
-0.242614
-0.242614
0.750062
0.750062
0.750062
-0.513785
2.23381
-0.639828
-0.639828
-1.68329
0.0554531
0.0554531
0.0554531
0.0554531
0.0554531
-0.744761
-0.744761
-0.744761
0.128103
0.128103
-0.0310435
-0.0310435
-0.0310435
-0.0310435
-0.0310435
-0.0310435
-0.0310435
-0.0310435
-0.0310435
-0.0310435
-0.0310435
-0.0310435
-0.0310435
-0.0310435
-0.0310435
-0.357786
-0.357786
-0.357786
-0.357786
-1.07857
-1.07857
-1.07857
-1.07857
-1.14948
0.886716
0.886716
0.886716
0.886716
0.886716
0.444061
0.444061
0.444061
0.444061
-1.44084
-1.01787
-1.01787
2.03556
2.26823
0.44228
-2.27853
1.02872
-0.356064
-0.356064
-0.356064
-0.356064
-0.356064
-0.356064
-0.356064
1.0506
0.283645
1.49257
-0.464471
-0.464471
-0.464471
-0.464471
-0.464471
-0.464471
-0.464471
-0.464471
-0.464471
-0.106071
-0.106071
-0.106071
0.89319
0.89319
0.89319
-0.496104
-0.496104
-0.496104
-0.496104
-0.496104
0.895654
0.895654
0.895654
1.39385
-1.16834
-0.831937
-0.831937
-0.831937
-0.831937
1.16076
1.16076
1.16076
1.16076
1.84065
-0.520617
-0.520617
0.861371
-0.0252748
-0.0252748
-0.0252748
0.529358
0.529358
0.529358
0.629073
0.629073
0.629073
0.629073
0.629073
0.629073
0.336538
0.336538
0.336538
0.336538
-0.79923
-0.79923
-0.79923
-0.79923
-0.79923
2.12179
2.12179
1.99792
0.279139
0.279139
0.279139
-1.8846
-1.8846
-1.8234
0.458115
0.458115
0.458115
0.458115
-0.707542
0.317846
1.33417
1.33417
1.35562
1.9598
-1.38318
-1.38318
2.45377
0.137081
0.137081
0.137081
1.08116
0.091609
0.091609
0.091609
0.091609
0.091609
0.091609
-0.100086
-2.26356
-1.94505
-1.94505
0.36807
0.997368
0.997368
0.997368
-0.815635
-0.815635
-0.331024
-0.331024
-0.331024
-0.331024
-0.769878
-0.769878
0.311652
0.311652
0.311652
0.588594
0.588594
0.588594
0.588594
0.588594
0.588594
0.588594
0.588594
0.588594
0.588594
0.29794
0.29794
0.29794
0.29794
0.29794
0.29794
0.29794
0.29794
0.350312
0.350312
-0.117663
-0.117663
-0.117663
-1.05311
-1.05311
0.173311
0.0396879
0.0396879
-1.24409
-0.185847
-0.185847
-0.185847
-0.185847
-0.185847
0.120012
0.120012
0.120012
0.120012
0.120012
0.120012
1.31188
2.32698
2.32698
0.39622
0.39622
-0.175912
-0.175912
-0.175912
0.603074
-2.02947
-2.02947
0.813267
-1.21037
-1.21037
-1.21037
0.133872
0.133872
0.133872
0.133872
0.133872
0.133872
0.133872
0.133872
0.133872
0.799249
2.25074
-1.74574
-0.817676
-0.817676
-1.99725
-1.99725
-1.99725
-1.99725
-1.99725
0.410562
0.895774
0.895774
0.895774
1.47325
-1.06833
-0.889301
-0.889301
-0.889301
-0.889301
-0.889301
-0.889301
-0.889301
-1.02028
0.61404
0.305267
0.305267
0.305267
-0.0629493
-0.0629493
-0.288231
-0.522017
-0.522017
-0.968643
-0.968643
-0.968643
-0.0659664
-0.0659664
-1.86457
-1.86457
-1.86457
-1.86457
1.04793
1.04793
1.04793
1.04793
1.04793
1.04793
1.04793
1.04793
0.854614
0.854614
0.854614
0.854614
-0.56558
1.61882
1.61882
1.37875
-1.11798
-1.11798
-1.11798
-1.36706
-1.35538
-1.35538
-0.0424806
-0.0424806
-0.848692
-0.0438949
-0.0438949
-0.0438949
-0.0438949
-0.0438949
-0.0438949
-0.0438949
-0.0438949
-0.0438949
0.723917
0.723917
0.723917
0.723917
0.723917
0.723917
0.723917
0.723917
0.723917
0.723917
-0.757268
-1.79281
-0.937811
-0.846474
0.308684
0.308684
0.308684
-0.272146
-1.1832
0.213293
0.213293
0.213293
0.213293
0.213293
0.213293
-0.413998
0.8181
0.8181
0.8181
0.8181
0.8181
0.8181
0.8181
0.690968
0.690968
2.77847
2.77847
0.0974769
0.0974769
0.0974769
0.0974769
-0.30481
-0.524313
1.62229
0.855125
0.855125
0.855125
-0.776929
-0.776929
-0.430746
-1.43346
1.91001
1.91001
0.154887
0.154887
0.154887
0.154887
0.13669
0.13669
0.13669
0.13669
0.13669
0.13669
0.13669
-1.21952
-1.21952
1.18528
1.18528
1.18528
-0.0653879
-0.0653879
-0.0653879
-0.0653879
-0.0653879
-0.0653879
-1.1871
-1.1871
0.212931
0.212931
0.0370512
0.0370512
0.0370512
0.0370512
0.0370512
0.0370512
0.0370512
0.0370512
-1.28964
-0.702646
-0.702646
-0.702646
-0.702646
0.457678
0.457678
-1.18666
-0.67619
-0.67619
-0.227721
-0.227721
0.0905045
0.0905045
0.0905045
0.718415
0.718415
0.660267
0.854818
0.854818
0.854818
0.827714
-0.703806
-0.703806
0.640598
0.640598
0.204863
0.204863
0.204863
-0.860399
-0.242753
-0.242753
-1.01611
-1.01611
-1.58447
0.186241
0.186241
-0.980774
-0.980774
-0.57518
1.02021
1.02021
1.02021
1.02021
-0.559538
-0.559538
1.01757
1.57277
0.852955
0.852955
0.852955
0.852955
0.852955
0.852955
0.852955
0.852955
0.852955
1.06208
0.869841
-0.727004
-0.727004
0.538909
-0.0239547
-0.0239547
1.20522
1.20522
1.20522
1.20522
1.20522
-2.13268
-2.13268
-0.982942
-0.982942
-0.982942
1.06377
0.0100654
0.0100654
0.0100654
0.0100654
0.0100654
0.183366
0.183366
0.183366
0.183366
2.26423
-1.63908
-1.47223
-0.456638
-0.456638
-0.456638
1.07126
0.947826
0.947826
0.947826
-0.308513
-0.308513
-0.308513
-1.3027
-1.3027
-1.3027
-0.395266
-0.395266
0.202936
-1.21466
-1.21466
1.21453
-2.5996
-1.60557
-1.60557
-1.52299
-1.52299
-1.52299
1.48607
1.48607
1.48607
0.785855
0.265647
0.311722
0.311722
-0.650018
0.952256
-0.854628
-0.428212
-0.428212
0.195878
0.195878
0.195878
0.195878
0.195878
0.195878
0.195878
0.195878
0.195878
0.281316
0.281316
0.281316
-1.14994
-1.14994
-1.14994
-1.48333
-1.48333
-1.48333
0.0940634
0.135216
0.135216
0.135216
0.135216
-1.67957
0.591087
-0.735387
-0.735387
-0.735387
-0.735387
1.57867
-1.69979
-1.69979
-1.06351
-1.06351
-1.10578
-1.10578
-1.10578
-1.10578
-1.10578
-0.11881
-0.11881
-0.0304933
-0.0304933
-0.0304933
-0.0304933
-0.0304933
-0.0304933
-0.0304933
-0.0304933
-0.0304933
-0.0304933
0.232345
0.232345
0.232345
0.232345
-0.0747477
0.00218491
0.00218491
0.00218491
0.00218491
0.985237
0.985237
0.515074
0.472835
0.807475
0.807475
0.807475
0.807475
1.974
1.74508
1.74508
1.00169
1.00169
1.00169
1.00169
1.00169
-0.262971
-0.262971
-0.262971
-0.262971
-0.262971
-0.262971
-0.262971
-0.61113
-0.61113
-0.61113
-0.61113
-0.61113
-0.61113
-0.61113
-0.61113
-0.61113
-0.61113
-0.61113
-0.61113
-0.514455
-0.514455
-0.514455
-0.514455
-0.514455
-0.514455
0.23498
0.23498
0.23498
2.42337
2.42337
-0.711284
-0.711284
0.792077
-0.4242
0.462945
0.462945
-1.2571
-1.2571
0.594876
-1.17711
-1.17711
-1.17711
0.0939384
1.13477
0.0510984
0.0510984
0.0510984
0.0510984
1.86841
-0.903344
-0.903344
-0.903344
-0.903344
-0.903344
-0.903344
-0.130998
-0.130998
-0.308294
1.11574
1.11574
0.0180526
0.0180526
0.0180526
0.0180526
0.0180526
0.0180526
0.0180526
0.0180526
0.0180526
0.0180526
0.0180526
0.0180526
0.0180526
0.0180526
0.280718
0.280718
0.280718
0.280718
0.280718
